Source,Location ID,City,State,Country,Latitude,Longitude,Time Zone,Elevation,Local Time Zone,Clearsky DHI Units,Clearsky DNI Units,Clearsky GHI Units,Dew Point Units,DHI Units,DNI Units,GHI Units,Solar Zenith Angle Units,Temperature Units,Pressure Units,Relative Humidity Units,Precipitable Water Units,Wind Direction Units,Wind Speed Units,Cloud Type -15,Cloud Type 0,Cloud Type 1,Cloud Type 2,Cloud Type 3,Cloud Type 4,Cloud Type 5,Cloud Type 6,Cloud Type 7,Cloud Type 8,Cloud Type 9,Cloud Type 10,Cloud Type 11,Cloud Type 12,Fill Flag 0,Fill Flag 1,Fill Flag 2,Fill Flag 3,Fill Flag 4,Fill Flag 5,Surface Albedo Units,Version
NSRDB,463889,-,-,-,22.25,-105.82,0,0,-7,w/m2,w/m2,w/m2,c,w/m2,w/m2,w/m2,Degree,c,mbar,%,cm,Degrees,m/s,N/A,Clear,Probably Clear,Fog,Water,Super-Cooled Water,Mixed,Opaque Ice,Cirrus,Overlapping,Overshooting,Unknown,Dust,Smoke,N/A,Missing Image,Low Irradiance,Exceeds Clearsky,Missing CLoud Properties,Rayleigh Violation,N/A,4.0.1
Year,Month,Day,Hour,Minute,Temperature,Clearsky DNI,Clearsky GHI,Clearsky DHI,DNI,DHI,GHI,Relative Humidity
2004,1,1,0,30,23.5,0,0,0,0,0,0,83.92
2004,1,1,1,30,23.200000000000003,0,0,0,0,0,0,86.10000000000001
2004,1,1,2,30,23.1,0,0,0,0,0,0,86.9
2004,1,1,3,30,22.900000000000002,0,0,0,0,0,0,87.71000000000001
2004,1,1,4,30,22.900000000000002,0,0,0,0,0,0,87.03
2004,1,1,5,30,22.8,0,0,0,0,0,0,86.61
2004,1,1,6,30,22.8,0,0,0,0,0,0,85.66
2004,1,1,7,30,22.8,0,0,0,0,0,0,84.96000000000001
2004,1,1,8,30,22.8,0,0,0,0,0,0,84.46000000000001
2004,1,1,9,30,22.700000000000003,0,0,0,0,0,0,84.86
2004,1,1,10,30,22.700000000000003,0,0,0,0,0,0,84.77
2004,1,1,11,30,22.700000000000003,0,0,0,0,0,0,84.33
2004,1,1,12,30,22.700000000000003,0,0,0,0,0,0,83.43
2004,1,1,13,30,22.900000000000002,0,0,0,0,0,0,81.55
2004,1,1,14,30,23.400000000000002,365,108,50,0,14,14,79.08
2004,1,1,15,30,24.1,637,305,82,0,49,49,75.97
2004,1,1,16,30,24.900000000000002,764,488,96,21,182,193,71.53
2004,1,1,17,30,25.6,825,624,105,439,225,501,68.18
2004,1,1,18,30,26,870,704,101,370,275,531,65.69
2004,1,1,19,30,26.200000000000003,876,712,99,248,306,480,64.11
2004,1,1,20,30,26.3,859,652,95,0,177,177,63.06
2004,1,1,21,30,26.200000000000003,782,523,98,102,293,349,62.53
2004,1,1,22,30,25.700000000000003,678,350,85,110,186,229,64.79
2004,1,1,23,30,25.1,464,152,58,6,70,71,68.83
2004,1,2,0,30,24.5,0,0,0,0,0,0,71.49
2004,1,2,1,30,24.3,0,0,0,0,0,0,72.29
2004,1,2,2,30,24.1,0,0,0,0,0,0,72.84
2004,1,2,3,30,23.900000000000002,0,0,0,0,0,0,74.35000000000001
2004,1,2,4,30,23.700000000000003,0,0,0,0,0,0,76.42
2004,1,2,5,30,23.400000000000002,0,0,0,0,0,0,78.51
2004,1,2,6,30,23.200000000000003,0,0,0,0,0,0,79.97
2004,1,2,7,30,23,0,0,0,0,0,0,81.07000000000001
2004,1,2,8,30,22.700000000000003,0,0,0,0,0,0,81.96000000000001
2004,1,2,9,30,22.400000000000002,0,0,0,0,0,0,82.03
2004,1,2,10,30,22.1,0,0,0,0,0,0,82.14
2004,1,2,11,30,22,0,0,0,0,0,0,81.57000000000001
2004,1,2,12,30,21.8,0,0,0,0,0,0,81.94
2004,1,2,13,30,22,0,0,0,0,0,0,80.43
2004,1,2,14,30,22.400000000000002,403,110,48,105,80,96,78.81
2004,1,2,15,30,23.3,667,311,77,169,168,227,74.05
2004,1,2,16,30,24.700000000000003,784,495,93,14,216,223,66.46000000000001
2004,1,2,17,30,25.8,845,634,101,55,298,333,62
2004,1,2,18,30,26.1,867,710,109,37,320,346,61.11
2004,1,2,19,30,26.1,876,720,107,377,281,546,61.29
2004,1,2,20,30,25.900000000000002,861,661,101,80,334,386,62.15
2004,1,2,21,30,25.700000000000003,820,537,90,206,259,371,62.97
2004,1,2,22,30,25.200000000000003,728,363,76,251,182,281,65.69
2004,1,2,23,30,24.5,524,161,53,143,102,131,71.74
2004,1,3,0,30,23.900000000000002,0,0,0,0,0,0,76.12
2004,1,3,1,30,23.6,0,0,0,0,0,0,77.69
2004,1,3,2,30,23.5,0,0,0,0,0,0,77.72
2004,1,3,3,30,23.400000000000002,0,0,0,0,0,0,77.10000000000001
2004,1,3,4,30,23.3,0,0,0,0,0,0,76.60000000000001
2004,1,3,5,30,23.200000000000003,0,0,0,0,0,0,76.13
2004,1,3,6,30,23.1,0,0,0,0,0,0,75.73
2004,1,3,7,30,23.1,0,0,0,0,0,0,74.61
2004,1,3,8,30,23.1,0,0,0,0,0,0,73.96000000000001
2004,1,3,9,30,23,0,0,0,0,0,0,74.13
2004,1,3,10,30,22.900000000000002,0,0,0,0,0,0,74.68
2004,1,3,11,30,22.8,0,0,0,0,0,0,75.19
2004,1,3,12,30,22.8,0,0,0,0,0,0,75.02
2004,1,3,13,30,22.900000000000002,0,0,0,0,0,0,74.48
2004,1,3,14,30,23.400000000000002,418,111,47,14,69,71,73.35000000000001
2004,1,3,15,30,24,676,313,76,1,115,115,71.75
2004,1,3,16,30,24.400000000000002,792,498,92,14,216,224,70.59
2004,1,3,17,30,24.8,850,637,101,77,326,375,69.9
2004,1,3,18,30,25.3,880,714,103,293,289,492,68.34
2004,1,3,19,30,25.900000000000002,886,725,103,886,103,725,65.91
2004,1,3,20,30,26.200000000000003,868,665,99,291,274,464,63.78
2004,1,3,21,30,26.1,799,537,99,799,99,537,63.620000000000005
2004,1,3,22,30,25.700000000000003,706,363,84,37,173,188,64.4
2004,1,3,23,30,24.8,502,162,58,27,100,106,67.89
2004,1,4,0,30,23.900000000000002,0,0,0,0,0,0,73.01
2004,1,4,1,30,23.5,0,0,0,0,0,0,75.26
2004,1,4,2,30,23.1,0,0,0,0,0,0,77.23
2004,1,4,3,30,22.900000000000002,0,0,0,0,0,0,77.89
2004,1,4,4,30,22.6,0,0,0,0,0,0,78.43
2004,1,4,5,30,22.400000000000002,0,0,0,0,0,0,78.41
2004,1,4,6,30,22.200000000000003,0,0,0,0,0,0,78.4
2004,1,4,7,30,22,0,0,0,0,0,0,78.73
2004,1,4,8,30,21.900000000000002,0,0,0,0,0,0,79.16
2004,1,4,9,30,21.900000000000002,0,0,0,0,0,0,79.08
2004,1,4,10,30,21.8,0,0,0,0,0,0,79.29
2004,1,4,11,30,21.8,0,0,0,0,0,0,78.49
2004,1,4,12,30,21.900000000000002,0,0,0,0,0,0,77.04
2004,1,4,13,30,22.3,0,0,0,0,0,0,74.24
2004,1,4,14,30,23.1,429,111,45,429,45,111,71.23
2004,1,4,15,30,23.900000000000002,693,315,72,693,72,315,67.87
2004,1,4,16,30,24.5,813,502,86,813,86,502,64.93
2004,1,4,17,30,25.1,874,643,92,874,92,643,62.18
2004,1,4,18,30,25.5,909,725,93,909,93,725,60.44
2004,1,4,19,30,25.700000000000003,916,736,92,916,92,736,59.49
2004,1,4,20,30,25.8,901,677,88,901,88,677,59.07
2004,1,4,21,30,25.700000000000003,875,556,75,875,75,556,59.45
2004,1,4,22,30,25.3,794,380,64,794,64,380,61.02
2004,1,4,23,30,24.6,610,174,46,610,46,174,64.56
2004,1,5,0,30,23.8,0,0,0,0,0,0,69.63
2004,1,5,1,30,23.3,0,0,0,0,0,0,72.5
2004,1,5,2,30,22.900000000000002,0,0,0,0,0,0,74.53
2004,1,5,3,30,22.6,0,0,0,0,0,0,75.82000000000001
2004,1,5,4,30,22.400000000000002,0,0,0,0,0,0,76.48
2004,1,5,5,30,22.3,0,0,0,0,0,0,76.15
2004,1,5,6,30,22.200000000000003,0,0,0,0,0,0,75.67
2004,1,5,7,30,22.1,0,0,0,0,0,0,75.2
2004,1,5,8,30,22,0,0,0,0,0,0,74.8
2004,1,5,9,30,21.900000000000002,0,0,0,0,0,0,74.3
2004,1,5,10,30,21.8,0,0,0,0,0,0,73.46000000000001
2004,1,5,11,30,21.8,0,0,0,0,0,0,71.86
2004,1,5,12,30,21.700000000000003,0,0,0,0,0,0,70.43
2004,1,5,13,30,22,0,0,0,0,0,0,67.33
2004,1,5,14,30,22.900000000000002,524,119,39,524,39,119,63.39
2004,1,5,15,30,24.1,768,328,60,768,60,328,57.54
2004,1,5,16,30,25.400000000000002,871,518,72,871,72,518,53.49
2004,1,5,17,30,26.3,921,660,79,921,79,660,50.51
2004,1,5,18,30,26.6,939,738,83,939,83,738,50.34
2004,1,5,19,30,26.700000000000003,939,748,86,362,346,601,51.51
2004,1,5,20,30,26.5,918,686,84,582,191,572,53.54
2004,1,5,21,30,26.1,862,557,82,627,158,504,55.96
2004,1,5,22,30,25.5,770,380,71,770,71,380,59.14
2004,1,5,23,30,24.700000000000003,569,173,52,260,63,118,63.57
2004,1,6,0,30,24,0,0,0,0,0,0,68.24
2004,1,6,1,30,23.6,0,0,0,0,0,0,71.03
2004,1,6,2,30,23.400000000000002,0,0,0,0,0,0,72.71000000000001
2004,1,6,3,30,23.3,0,0,0,0,0,0,73.18
2004,1,6,4,30,23.3,0,0,0,0,0,0,72.44
2004,1,6,5,30,23.200000000000003,0,0,0,0,0,0,72.05
2004,1,6,6,30,23.200000000000003,0,0,0,0,0,0,71.60000000000001
2004,1,6,7,30,23.1,0,0,0,0,0,0,71.4
2004,1,6,8,30,23.1,0,0,0,0,0,0,70.88
2004,1,6,9,30,23,0,0,0,0,0,0,70.78
2004,1,6,10,30,22.900000000000002,0,0,0,0,0,0,70.29
2004,1,6,11,30,22.900000000000002,0,0,0,0,0,0,69.14
2004,1,6,12,30,22.8,0,0,0,0,0,0,68.68
2004,1,6,13,30,22.900000000000002,0,0,0,0,0,0,67.41
2004,1,6,14,30,23.400000000000002,448,111,43,448,43,111,65.98
2004,1,6,15,30,24.1,704,314,69,453,133,291,62.57
2004,1,6,16,30,24.700000000000003,818,501,82,629,141,464,59.13
2004,1,6,17,30,25.3,873,641,89,233,270,417,56.97
2004,1,6,18,30,25.900000000000002,896,720,94,66,273,320,55.120000000000005
2004,1,6,19,30,26.3,897,729,95,69,292,340,53.83
2004,1,6,20,30,26.400000000000002,878,670,92,24,237,253,54.32
2004,1,6,21,30,26.3,825,545,88,1,102,102,55.64
2004,1,6,22,30,26,734,372,76,5,103,105,57.99
2004,1,6,23,30,25.400000000000002,540,170,54,1,41,41,62.82
2004,1,7,0,30,24.8,0,0,0,0,0,0,67.85
2004,1,7,1,30,24.5,0,0,0,0,0,0,69.88
2004,1,7,2,30,24.400000000000002,0,0,0,0,0,0,70.94
2004,1,7,3,30,24.400000000000002,0,0,0,0,0,0,71.16
2004,1,7,4,30,24.3,0,0,0,0,0,0,71.8
2004,1,7,5,30,24.1,0,0,0,0,0,0,73.09
2004,1,7,6,30,23.900000000000002,0,0,0,0,0,0,74.24
2004,1,7,7,30,23.700000000000003,0,0,0,0,0,0,74.83
2004,1,7,8,30,23.5,0,0,0,0,0,0,75.36
2004,1,7,9,30,23.3,0,0,0,0,0,0,75.65
2004,1,7,10,30,23.1,0,0,0,0,0,0,75.31
2004,1,7,11,30,23,0,0,0,0,0,0,74.63
2004,1,7,12,30,23,0,0,0,0,0,0,73.52
2004,1,7,13,30,23.3,0,0,0,0,0,0,70.86
2004,1,7,14,30,24.1,410,108,45,0,3,3,67.62
2004,1,7,15,30,25.1,677,310,74,0,24,24,62.4
2004,1,7,16,30,26.1,802,498,86,9,205,209,58.07
2004,1,7,17,30,26.8,866,641,93,449,224,509,56.1
2004,1,7,18,30,27.3,897,723,95,17,306,318,53.1
2004,1,7,19,30,27.3,902,734,95,48,288,322,54.95
2004,1,7,20,30,27,887,677,92,30,249,268,56.69
2004,1,7,21,30,26.700000000000003,845,554,85,101,243,299,58.11
2004,1,7,22,30,26.1,758,379,73,2,88,89,60.64
2004,1,7,23,30,25.3,569,176,52,0,9,9,65.55
2004,1,8,0,30,24.5,0,0,0,0,0,0,70.78
2004,1,8,1,30,24.1,0,0,0,0,0,0,72.67
2004,1,8,2,30,24,0,0,0,0,0,0,72.86
2004,1,8,3,30,23.8,0,0,0,0,0,0,73.45
2004,1,8,4,30,23.8,0,0,0,0,0,0,72.89
2004,1,8,5,30,23.8,0,0,0,0,0,0,71.94
2004,1,8,6,30,23.700000000000003,0,0,0,0,0,0,71.21000000000001
2004,1,8,7,30,23.6,0,0,0,0,0,0,70.75
2004,1,8,8,30,23.400000000000002,0,0,0,0,0,0,71.07000000000001
2004,1,8,9,30,23.200000000000003,0,0,0,0,0,0,71.69
2004,1,8,10,30,23,0,0,0,0,0,0,72.39
2004,1,8,11,30,22.900000000000002,0,0,0,0,0,0,72.55
2004,1,8,12,30,22.900000000000002,0,0,0,0,0,0,72.24
2004,1,8,13,30,23.200000000000003,0,0,0,0,0,0,70.83
2004,1,8,14,30,23.900000000000002,484,113,40,235,70,106,68.8
2004,1,8,15,30,24.700000000000003,733,319,63,547,121,312,64.24
2004,1,8,16,30,25.6,843,508,75,843,75,508,60.120000000000005
2004,1,8,17,30,26.1,898,651,82,898,82,651,57.18
2004,1,8,18,30,26.400000000000002,927,733,83,927,83,733,55.39
2004,1,8,19,30,26.6,933,745,82,933,82,745,54.27
2004,1,8,20,30,26.700000000000003,918,686,79,684,138,591,53.79
2004,1,8,21,30,26.700000000000003,887,566,70,887,70,566,53.78
2004,1,8,22,30,26.400000000000002,807,390,61,807,61,390,54.78
2004,1,8,23,30,25.6,635,185,45,635,45,185,58.4
2004,1,9,0,30,24.700000000000003,0,0,0,0,0,0,64.81
2004,1,9,1,30,24.200000000000003,0,0,0,0,0,0,67.34
2004,1,9,2,30,23.8,0,0,0,0,0,0,69.82000000000001
2004,1,9,3,30,23.6,0,0,0,0,0,0,71.51
2004,1,9,4,30,23.5,0,0,0,0,0,0,72.08
2004,1,9,5,30,23.400000000000002,0,0,0,0,0,0,72.06
2004,1,9,6,30,23.3,0,0,0,0,0,0,71.71000000000001
2004,1,9,7,30,23.1,0,0,0,0,0,0,71.81
2004,1,9,8,30,22.900000000000002,0,0,0,0,0,0,71.79
2004,1,9,9,30,22.700000000000003,0,0,0,0,0,0,71.62
2004,1,9,10,30,22.6,0,0,0,0,0,0,70.92
2004,1,9,11,30,22.5,0,0,0,0,0,0,70.17
2004,1,9,12,30,22.5,0,0,0,0,0,0,68.69
2004,1,9,13,30,22.700000000000003,0,0,0,0,0,0,66.13
2004,1,9,14,30,23.400000000000002,527,118,38,1,58,58,63.31
2004,1,9,15,30,24.400000000000002,774,328,58,180,185,248,57.88
2004,1,9,16,30,25.5,883,522,68,883,68,522,54.57
2004,1,9,17,30,26.3,936,667,73,707,142,591,52.410000000000004
2004,1,9,18,30,26.6,951,748,81,467,306,634,52.61
2004,1,9,19,30,26.5,957,762,81,762,155,698,54.24
2004,1,9,20,30,26.3,941,704,79,663,171,611,55.86
2004,1,9,21,30,26,886,577,80,586,172,500,57.49
2004,1,9,22,30,25.6,801,398,70,489,140,341,59.49
2004,1,9,23,30,24.8,618,188,51,78,120,138,63.42
2004,1,10,0,30,24.1,0,0,0,0,0,0,68.13
2004,1,10,1,30,23.8,0,0,0,0,0,0,69.95
2004,1,10,2,30,23.6,0,0,0,0,0,0,71.02
2004,1,10,3,30,23.400000000000002,0,0,0,0,0,0,71.59
2004,1,10,4,30,23.200000000000003,0,0,0,0,0,0,71.77
2004,1,10,5,30,23.1,0,0,0,0,0,0,71.25
2004,1,10,6,30,23,0,0,0,0,0,0,71.06
2004,1,10,7,30,22.900000000000002,0,0,0,0,0,0,71.2
2004,1,10,8,30,22.8,0,0,0,0,0,0,71.06
2004,1,10,9,30,22.700000000000003,0,0,0,0,0,0,70.88
2004,1,10,10,30,22.700000000000003,0,0,0,0,0,0,70.4
2004,1,10,11,30,22.6,0,0,0,0,0,0,70.46000000000001
2004,1,10,12,30,22.6,0,0,0,0,0,0,69.78
2004,1,10,13,30,22.900000000000002,0,0,0,0,0,0,67.54
2004,1,10,14,30,23.700000000000003,410,109,47,410,47,109,64.52
2004,1,10,15,30,24.6,661,311,80,159,186,242,60.22
2004,1,10,16,30,25.6,774,498,100,591,158,462,57.74
2004,1,10,17,30,26.5,826,638,114,826,114,638,57.09
2004,1,10,18,30,27.1,866,722,113,866,113,722,55.33
2004,1,10,19,30,27.200000000000003,855,729,119,501,251,609,55.22
2004,1,10,20,30,26.900000000000002,824,669,120,615,177,586,57.39
2004,1,10,21,30,26.200000000000003,744,541,122,214,254,375,61.75
2004,1,10,22,30,25.3,627,367,108,431,160,338,68.45
2004,1,10,23,30,24.5,406,167,76,15,114,117,75.41
2004,1,11,0,30,24,0,0,0,0,0,0,79.27
2004,1,11,1,30,23.700000000000003,0,0,0,0,0,0,81.21000000000001
2004,1,11,2,30,23.700000000000003,0,0,0,0,0,0,81.2
2004,1,11,3,30,23.5,0,0,0,0,0,0,82.03
2004,1,11,4,30,23.3,0,0,0,0,0,0,82.39
2004,1,11,5,30,23.1,0,0,0,0,0,0,82.24
2004,1,11,6,30,22.8,0,0,0,0,0,0,81.87
2004,1,11,7,30,22.400000000000002,0,0,0,0,0,0,81.95
2004,1,11,8,30,21.900000000000002,0,0,0,0,0,0,82.48
2004,1,11,9,30,21.5,0,0,0,0,0,0,82.3
2004,1,11,10,30,21.200000000000003,0,0,0,0,0,0,80.27
2004,1,11,11,30,21.1,0,0,0,0,0,0,76.13
2004,1,11,12,30,21,0,0,0,0,0,0,73.44
2004,1,11,13,30,21.1,0,0,0,0,0,0,71.54
2004,1,11,14,30,21.3,260,97,58,71,63,74,70.61
2004,1,11,15,30,21.5,518,291,110,134,182,228,69.86
2004,1,11,16,30,21.700000000000003,650,473,138,21,194,204,68.96000000000001
2004,1,11,17,30,21.900000000000002,726,614,151,3,159,161,68.18
2004,1,11,18,30,21.900000000000002,780,699,149,1,138,138,67.44
2004,1,11,19,30,21.5,777,709,153,22,252,268,68.54
2004,1,11,20,30,21.1,743,651,154,0,79,79,70.43
2004,1,11,21,30,20.900000000000002,686,531,143,0,12,12,72.89
2004,1,11,22,30,20.900000000000002,599,364,115,2,141,142,75.86
2004,1,11,23,30,21,425,171,74,10,88,90,78.08
2004,1,12,0,30,21.200000000000003,38,11,10,0,3,3,78.58
2004,1,12,1,30,21.200000000000003,0,0,0,0,0,0,78.41
2004,1,12,2,30,21.1,0,0,0,0,0,0,77.86
2004,1,12,3,30,20.900000000000002,0,0,0,0,0,0,79.5
2004,1,12,4,30,20.6,0,0,0,0,0,0,82.25
2004,1,12,5,30,20.3,0,0,0,0,0,0,85.69
2004,1,12,6,30,20.200000000000003,0,0,0,0,0,0,87.28
2004,1,12,7,30,20.1,0,0,0,0,0,0,87.21000000000001
2004,1,12,8,30,20,0,0,0,0,0,0,86.64
2004,1,12,9,30,20,0,0,0,0,0,0,85.97
2004,1,12,10,30,20.1,0,0,0,0,0,0,84.96000000000001
2004,1,12,11,30,20.200000000000003,0,0,0,0,0,0,83.69
2004,1,12,12,30,20.3,0,0,0,0,0,0,82.7
2004,1,12,13,30,20.700000000000003,0,0,0,0,0,0,80.72
2004,1,12,14,30,21.3,378,104,47,46,76,83,78.5
2004,1,12,15,30,22.3,652,305,77,82,188,216,72.97
2004,1,12,16,30,23.3,781,494,91,509,157,419,68.42
2004,1,12,17,30,24.1,845,637,98,28,217,235,64.98
2004,1,12,18,30,24.400000000000002,875,720,101,89,313,375,63.99
2004,1,12,19,30,24.3,881,734,101,1,228,228,65.58
2004,1,12,20,30,24,867,678,97,46,252,283,67.46000000000001
2004,1,12,21,30,23.700000000000003,809,555,95,0,127,127,68.33
2004,1,12,22,30,23.400000000000002,728,384,80,7,121,124,68.58
2004,1,12,23,30,23.200000000000003,551,183,56,4,67,68,69.59
2004,1,13,0,30,23,92,13,11,0,4,4,73.01
2004,1,13,1,30,22.900000000000002,0,0,0,0,0,0,74.48
2004,1,13,2,30,22.8,0,0,0,0,0,0,75.88
2004,1,13,3,30,22.8,0,0,0,0,0,0,76.22
2004,1,13,4,30,22.700000000000003,0,0,0,0,0,0,76.60000000000001
2004,1,13,5,30,22.700000000000003,0,0,0,0,0,0,76.25
2004,1,13,6,30,22.6,0,0,0,0,0,0,76.08
2004,1,13,7,30,22.6,0,0,0,0,0,0,75.44
2004,1,13,8,30,22.5,0,0,0,0,0,0,75.43
2004,1,13,9,30,22.400000000000002,0,0,0,0,0,0,75.69
2004,1,13,10,30,22.3,0,0,0,0,0,0,76.27
2004,1,13,11,30,22.3,0,0,0,0,0,0,76.46000000000001
2004,1,13,12,30,22.3,0,0,0,0,0,0,75.88
2004,1,13,13,30,22.5,0,0,0,0,0,0,74.21000000000001
2004,1,13,14,30,22.8,446,108,41,0,19,19,74.9
2004,1,13,15,30,23.3,698,311,66,0,37,37,72.96000000000001
2004,1,13,16,30,23.8,807,498,81,11,162,168,71.77
2004,1,13,17,30,24.200000000000003,855,638,91,1,121,122,70
2004,1,13,18,30,24.200000000000003,874,718,99,2,168,169,69.87
2004,1,13,19,30,23.8,873,730,102,1,137,137,72.39
2004,1,13,20,30,23.3,854,675,100,4,186,189,75.71000000000001
2004,1,13,21,30,22.900000000000002,812,556,92,17,191,201,78.24
2004,1,13,22,30,22.5,722,384,80,3,98,99,80.42
2004,1,13,23,30,22.1,525,182,60,1,43,43,82.68
2004,1,14,0,30,21.900000000000002,66,14,12,0,4,4,84.7
2004,1,14,1,30,21.8,0,0,0,0,0,0,85.57000000000001
2004,1,14,2,30,21.8,0,0,0,0,0,0,87.03
2004,1,14,3,30,21.8,0,0,0,0,0,0,87.8
2004,1,14,4,30,21.8,0,0,0,0,0,0,88.02
2004,1,14,5,30,21.8,0,0,0,0,0,0,88.35000000000001
2004,1,14,6,30,21.700000000000003,0,0,0,0,0,0,89.24
2004,1,14,7,30,21.700000000000003,0,0,0,0,0,0,89.06
2004,1,14,8,30,21.700000000000003,0,0,0,0,0,0,89.27
2004,1,14,9,30,21.700000000000003,0,0,0,0,0,0,89.45
2004,1,14,10,30,21.700000000000003,0,0,0,0,0,0,89.39
2004,1,14,11,30,21.8,0,0,0,0,0,0,88.51
2004,1,14,12,30,21.700000000000003,0,0,0,0,0,0,88.93
2004,1,14,13,30,21.700000000000003,0,0,0,0,0,0,88.98
2004,1,14,14,30,21.8,443,107,41,1,33,33,88.79
2004,1,14,15,30,22,681,308,69,1,71,72,88.45
2004,1,14,16,30,22.3,787,495,87,15,179,187,87.57000000000001
2004,1,14,17,30,22.5,853,640,93,8,198,203,86.68
2004,1,14,18,30,22.700000000000003,889,726,94,11,235,243,85.23
2004,1,14,19,30,22.8,903,744,92,14,252,262,83.84
2004,1,14,20,30,22.900000000000002,897,692,85,79,303,356,82.2
2004,1,14,21,30,23.1,852,572,83,181,265,369,80.25
2004,1,14,22,30,23.1,781,400,69,210,214,303,79.67
2004,1,14,23,30,22.900000000000002,616,196,50,616,50,196,80.51
2004,1,15,0,30,22.400000000000002,147,16,13,147,13,16,83.56
2004,1,15,1,30,22.200000000000003,0,0,0,0,0,0,83.91
2004,1,15,2,30,22.1,0,0,0,0,0,0,84.06
2004,1,15,3,30,22,0,0,0,0,0,0,84.84
2004,1,15,4,30,22,0,0,0,0,0,0,85.44
2004,1,15,5,30,22,0,0,0,0,0,0,86.01
2004,1,15,6,30,22.1,0,0,0,0,0,0,86.21000000000001
2004,1,15,7,30,22.200000000000003,0,0,0,0,0,0,86.48
2004,1,15,8,30,22.200000000000003,0,0,0,0,0,0,87.4
2004,1,15,9,30,22.200000000000003,0,0,0,0,0,0,88.03
2004,1,15,10,30,22.1,0,0,0,0,0,0,88.98
2004,1,15,11,30,22.1,0,0,0,0,0,0,89.29
2004,1,15,12,30,22.1,0,0,0,0,0,0,89.53
2004,1,15,13,30,22.3,0,0,0,0,0,0,88.78
2004,1,15,14,30,22.700000000000003,425,107,43,3,64,65,87.67
2004,1,15,15,30,23.1,689,312,69,1,110,110,85.54
2004,1,15,16,30,23.200000000000003,802,500,84,0,52,52,84.73
2004,1,15,17,30,23.200000000000003,857,643,93,0,145,145,84.01
2004,1,15,18,30,23,890,727,93,27,317,336,84.23
2004,1,15,19,30,22.8,885,740,98,221,291,451,84.74
2004,1,15,20,30,22.6,860,683,100,0,96,96,85.51
2004,1,15,21,30,22.6,790,560,105,0,23,23,85.64
2004,1,15,22,30,22.5,707,392,90,2,144,145,86.10000000000001
2004,1,15,23,30,22.400000000000002,539,192,63,50,122,133,86.3
2004,1,16,0,30,22.1,92,17,14,0,9,9,87.26
2004,1,16,1,30,22,0,0,0,0,0,0,86.55
2004,1,16,2,30,21.8,0,0,0,0,0,0,86.82000000000001
2004,1,16,3,30,21.8,0,0,0,0,0,0,86.56
2004,1,16,4,30,21.700000000000003,0,0,0,0,0,0,86.99
2004,1,16,5,30,21.5,0,0,0,0,0,0,88.2
2004,1,16,6,30,21.200000000000003,0,0,0,0,0,0,90.07000000000001
2004,1,16,7,30,20.900000000000002,0,0,0,0,0,0,90.3
2004,1,16,8,30,20.5,0,0,0,0,0,0,88.03
2004,1,16,9,30,20,0,0,0,0,0,0,83.21000000000001
2004,1,16,10,30,19.6,0,0,0,0,0,0,77.59
2004,1,16,11,30,19.5,0,0,0,0,0,0,73.33
2004,1,16,12,30,19.400000000000002,0,0,0,0,0,0,75.23
2004,1,16,13,30,19.400000000000002,0,0,0,0,0,0,75.86
2004,1,16,14,30,19.8,574,119,32,0,4,4,75.68
2004,1,16,15,30,20.700000000000003,810,333,48,810,48,333,71.36
2004,1,16,16,30,21.5,906,527,56,337,243,418,67.19
2004,1,16,17,30,21.900000000000002,953,675,62,408,240,503,65.3
2004,1,16,18,30,22,958,761,77,958,77,761,66.36
2004,1,16,19,30,22.1,965,779,77,510,303,674,66.84
2004,1,16,20,30,22.200000000000003,952,723,74,420,309,595,67.24
2004,1,16,21,30,22.200000000000003,905,600,76,905,76,600,67.51
2004,1,16,22,30,22.1,832,423,66,218,226,320,67.74
2004,1,16,23,30,21.700000000000003,670,211,49,670,49,211,69.92
2004,1,17,0,30,21.3,200,20,14,200,14,20,74.63
2004,1,17,1,30,21.1,0,0,0,0,0,0,75.52
2004,1,17,2,30,21,0,0,0,0,0,0,75.66
2004,1,17,3,30,20.900000000000002,0,0,0,0,0,0,75.61
2004,1,17,4,30,20.700000000000003,0,0,0,0,0,0,75.94
2004,1,17,5,30,20.6,0,0,0,0,0,0,75.82000000000001
2004,1,17,6,30,20.400000000000002,0,0,0,0,0,0,76.07000000000001
2004,1,17,7,30,20.3,0,0,0,0,0,0,76.07000000000001
2004,1,17,8,30,20.1,0,0,0,0,0,0,76.76
2004,1,17,9,30,20,0,0,0,0,0,0,77.01
2004,1,17,10,30,19.8,0,0,0,0,0,0,77.24
2004,1,17,11,30,19.700000000000003,0,0,0,0,0,0,76.57000000000001
2004,1,17,12,30,19.6,0,0,0,0,0,0,75.34
2004,1,17,13,30,19.700000000000003,0,0,0,0,0,0,73.01
2004,1,17,14,30,20.1,524,117,37,524,37,117,70.81
2004,1,17,15,30,20.5,783,332,56,783,56,332,67.79
2004,1,17,16,30,20.900000000000002,896,530,63,896,63,530,65.19
2004,1,17,17,30,21.3,950,679,66,950,66,679,62.940000000000005
2004,1,17,18,30,21.6,970,768,73,970,73,768,61.84
2004,1,17,19,30,21.8,979,786,72,979,72,786,61.800000000000004
2004,1,17,20,30,21.900000000000002,970,732,69,970,69,732,61.980000000000004
2004,1,17,21,30,21.900000000000002,929,610,70,929,70,610,61.75
2004,1,17,22,30,21.8,862,433,60,862,60,433,61.43
2004,1,17,23,30,21.400000000000002,706,218,46,706,46,218,63.15
2004,1,18,0,30,20.900000000000002,252,23,14,252,14,23,68.27
2004,1,18,1,30,20.6,0,0,0,0,0,0,69.83
2004,1,18,2,30,20.5,0,0,0,0,0,0,68.07000000000001
2004,1,18,3,30,20.200000000000003,0,0,0,0,0,0,67.11
2004,1,18,4,30,19.8,0,0,0,0,0,0,68.06
2004,1,18,5,30,19.6,0,0,0,0,0,0,68.21000000000001
2004,1,18,6,30,19.400000000000002,0,0,0,0,0,0,68.27
2004,1,18,7,30,19.200000000000003,0,0,0,0,0,0,68.25
2004,1,18,8,30,19,0,0,0,0,0,0,68.51
2004,1,18,9,30,18.8,0,0,0,0,0,0,69.57000000000001
2004,1,18,10,30,18.7,0,0,0,0,0,0,70.94
2004,1,18,11,30,18.5,0,0,0,0,0,0,72.42
2004,1,18,12,30,18.3,0,0,0,0,0,0,73.15
2004,1,18,13,30,18.6,0,0,0,0,0,0,71.37
2004,1,18,14,30,19.5,563,121,36,563,36,121,68.14
2004,1,18,15,30,20.6,808,341,56,808,56,341,62.68
2004,1,18,16,30,21.5,911,541,65,911,65,541,59.89
2004,1,18,17,30,22.1,966,694,70,966,70,694,56.79
2004,1,18,18,30,22.400000000000002,988,783,73,988,73,783,53.82
2004,1,18,19,30,22.6,997,802,73,997,73,802,51.9
2004,1,18,20,30,22.8,984,746,71,984,71,746,51.45
2004,1,18,21,30,22.8,949,623,68,949,68,623,52.43
2004,1,18,22,30,22.5,876,442,60,876,60,442,54.51
2004,1,18,23,30,21.8,721,224,46,721,46,224,58.69
2004,1,19,0,30,21,264,25,15,264,15,25,65.4
2004,1,19,1,30,20.6,0,0,0,0,0,0,67.87
2004,1,19,2,30,20.400000000000002,0,0,0,0,0,0,68.62
2004,1,19,3,30,20.200000000000003,0,0,0,0,0,0,69.27
2004,1,19,4,30,20,0,0,0,0,0,0,70.03
2004,1,19,5,30,19.8,0,0,0,0,0,0,70.74
2004,1,19,6,30,19.6,0,0,0,0,0,0,71.33
2004,1,19,7,30,19.400000000000002,0,0,0,0,0,0,71.65
2004,1,19,8,30,19.1,0,0,0,0,0,0,72.24
2004,1,19,9,30,18.8,0,0,0,0,0,0,72.31
2004,1,19,10,30,18.5,0,0,0,0,0,0,71.79
2004,1,19,11,30,18.1,0,0,0,0,0,0,71.42
2004,1,19,12,30,17.8,0,0,0,0,0,0,70.49
2004,1,19,13,30,18,0,0,0,0,0,0,67.63
2004,1,19,14,30,18.900000000000002,567,124,37,567,37,124,63.51
2004,1,19,15,30,20.1,813,345,57,813,57,345,58.22
2004,1,19,16,30,21.6,917,547,67,917,67,547,51.69
2004,1,19,17,30,22.6,968,701,73,968,73,701,47.28
2004,1,19,18,30,23.200000000000003,994,790,74,994,74,790,46.63
2004,1,19,19,30,23.5,998,808,75,998,75,808,48.06
2004,1,19,20,30,23.5,984,752,73,984,73,752,50.35
2004,1,19,21,30,23.400000000000002,949,627,69,949,69,627,52.75
2004,1,19,22,30,23.1,875,445,61,875,61,445,55.28
2004,1,19,23,30,22.3,720,227,47,720,47,227,60.03
2004,1,20,0,30,21.400000000000002,265,26,15,265,15,26,67.2
2004,1,20,1,30,20.900000000000002,0,0,0,0,0,0,69.82000000000001
2004,1,20,2,30,20.700000000000003,0,0,0,0,0,0,70.48
2004,1,20,3,30,20.6,0,0,0,0,0,0,70.37
2004,1,20,4,30,20.6,0,0,0,0,0,0,69.78
2004,1,20,5,30,20.6,0,0,0,0,0,0,69.68
2004,1,20,6,30,20.700000000000003,0,0,0,0,0,0,69.76
2004,1,20,7,30,20.6,0,0,0,0,0,0,69.78
2004,1,20,8,30,20.5,0,0,0,0,0,0,69.38
2004,1,20,9,30,20.400000000000002,0,0,0,0,0,0,69.01
2004,1,20,10,30,20.3,0,0,0,0,0,0,68.44
2004,1,20,11,30,20.200000000000003,0,0,0,0,0,0,68
2004,1,20,12,30,20.3,0,0,0,0,0,0,66.71000000000001
2004,1,20,13,30,20.5,0,0,0,0,0,0,65.4
2004,1,20,14,30,21,491,117,41,15,66,68,64.58
2004,1,20,15,30,21.6,743,330,66,47,190,207,62.15
2004,1,20,16,30,21.900000000000002,850,525,79,630,149,480,61.61
2004,1,20,17,30,21.900000000000002,906,676,87,22,243,257,63.17
2004,1,20,18,30,21.700000000000003,850,744,130,51,313,350,65.55
2004,1,20,19,30,21.6,858,762,130,79,348,406,67.27
2004,1,20,20,30,21.5,845,709,124,195,329,464,68.87
2004,1,20,21,30,21.5,807,589,112,140,289,372,69.56
2004,1,20,22,30,21.5,730,416,94,137,217,278,69.85000000000001
2004,1,20,23,30,21.3,556,209,68,39,120,130,71.46000000000001
2004,1,21,0,30,21.1,116,23,18,0,13,13,73.35000000000001
2004,1,21,1,30,21.1,0,0,0,0,0,0,72.68
2004,1,21,2,30,21.1,0,0,0,0,0,0,71.78
2004,1,21,3,30,21.1,0,0,0,0,0,0,71.35000000000001
2004,1,21,4,30,21,0,0,0,0,0,0,71.74
2004,1,21,5,30,20.900000000000002,0,0,0,0,0,0,72.09
2004,1,21,6,30,20.700000000000003,0,0,0,0,0,0,72.60000000000001
2004,1,21,7,30,20.5,0,0,0,0,0,0,73.34
2004,1,21,8,30,20.400000000000002,0,0,0,0,0,0,73.55
2004,1,21,9,30,20.200000000000003,0,0,0,0,0,0,74.37
2004,1,21,10,30,20.1,0,0,0,0,0,0,74.98
2004,1,21,11,30,20,0,0,0,0,0,0,75.38
2004,1,21,12,30,19.900000000000002,0,0,0,0,0,0,75.52
2004,1,21,13,30,20.200000000000003,0,0,0,0,0,0,73.55
2004,1,21,14,30,21,474,117,44,22,80,83,70.35000000000001
2004,1,21,15,30,21.6,743,334,69,743,69,334,67.11
2004,1,21,16,30,22.1,857,533,82,857,82,533,65.74
2004,1,21,17,30,22.6,918,686,88,918,88,686,64.91
2004,1,21,18,30,23,945,777,93,945,93,777,64.71000000000001
2004,1,21,19,30,23.3,955,797,91,955,91,797,64.26
2004,1,21,20,30,23.3,943,742,87,943,87,742,64.81
2004,1,21,21,30,23.3,892,618,88,892,88,618,64.48
2004,1,21,22,30,23,816,439,77,816,77,439,65.09
2004,1,21,23,30,22.6,652,225,58,652,58,225,66.61
2004,1,22,0,30,22.1,210,28,18,210,18,28,70.26
2004,1,22,1,30,21.8,0,0,0,0,0,0,71.49
2004,1,22,2,30,21.6,0,0,0,0,0,0,71.74
2004,1,22,3,30,21.5,0,0,0,0,0,0,71.44
2004,1,22,4,30,21.400000000000002,0,0,0,0,0,0,71.54
2004,1,22,5,30,21.200000000000003,0,0,0,0,0,0,72.47
2004,1,22,6,30,21.1,0,0,0,0,0,0,72.77
2004,1,22,7,30,21.1,0,0,0,0,0,0,72.46000000000001
2004,1,22,8,30,21,0,0,0,0,0,0,72.60000000000001
2004,1,22,9,30,20.8,0,0,0,0,0,0,72.46000000000001
2004,1,22,10,30,20.6,0,0,0,0,0,0,71.95
2004,1,22,11,30,20.400000000000002,0,0,0,0,0,0,71.48
2004,1,22,12,30,20.3,0,0,0,0,0,0,70.12
2004,1,22,13,30,20.6,0,0,0,0,0,0,67.26
2004,1,22,14,30,21.400000000000002,515,121,41,515,41,121,64.31
2004,1,22,15,30,22.200000000000003,766,339,65,424,134,285,60.2
2004,1,22,16,30,22.700000000000003,875,539,77,610,161,483,58.63
2004,1,22,17,30,23,926,690,84,704,153,614,57.72
2004,1,22,18,30,23.3,935,777,97,732,159,691,57.01
2004,1,22,19,30,23.3,942,796,97,725,158,696,56.84
2004,1,22,20,30,23.3,928,739,92,695,172,657,56.85
2004,1,22,21,30,23.200000000000003,897,617,82,897,82,617,58.22
2004,1,22,22,30,22.900000000000002,818,438,72,390,175,350,60.76
2004,1,22,23,30,22.400000000000002,650,223,55,62,123,139,64.65
2004,1,23,0,30,21.900000000000002,212,28,18,0,13,13,69.48
2004,1,23,1,30,21.6,0,0,0,0,0,0,71.96000000000001
2004,1,23,2,30,21.400000000000002,0,0,0,0,0,0,73.78
2004,1,23,3,30,21.3,0,0,0,0,0,0,74.78
2004,1,23,4,30,21.200000000000003,0,0,0,0,0,0,75.55
2004,1,23,5,30,21.1,0,0,0,0,0,0,76.36
2004,1,23,6,30,20.900000000000002,0,0,0,0,0,0,77.62
2004,1,23,7,30,20.8,0,0,0,0,0,0,78.26
2004,1,23,8,30,20.8,0,0,0,0,0,0,78.31
2004,1,23,9,30,20.700000000000003,0,0,0,0,0,0,78.35000000000001
2004,1,23,10,30,20.700000000000003,0,0,0,0,0,0,77.42
2004,1,23,11,30,20.8,0,0,0,0,0,0,75.68
2004,1,23,12,30,20.8,0,0,0,0,0,0,73.95
2004,1,23,13,30,21.1,0,0,0,0,0,0,71.18
2004,1,23,14,30,21.6,486,115,39,0,10,10,69.13
2004,1,23,15,30,22.200000000000003,737,326,62,7,100,102,64.89
2004,1,23,16,30,22.700000000000003,848,521,72,1,176,177,63.79
2004,1,23,17,30,23.200000000000003,904,671,78,0,63,64,62.79
2004,1,23,18,30,23.400000000000002,933,758,78,20,270,284,62.68
2004,1,23,19,30,23.3,939,777,78,4,201,204,63.81
2004,1,23,20,30,22.900000000000002,924,723,76,1,129,129,66.61
2004,1,23,21,30,22.5,857,598,84,1,104,104,69.76
2004,1,23,22,30,22.1,777,424,74,0,61,61,72.74
2004,1,23,23,30,21.700000000000003,617,218,56,0,41,41,75.63
2004,1,24,0,30,21.400000000000002,208,29,18,0,10,10,79.15
2004,1,24,1,30,21.3,0,0,0,0,0,0,80.02
2004,1,24,2,30,21.5,0,0,0,0,0,0,78.74
2004,1,24,3,30,21.6,0,0,0,0,0,0,77.22
2004,1,24,4,30,21.5,0,0,0,0,0,0,77.45
2004,1,24,5,30,21.3,0,0,0,0,0,0,80.36
2004,1,24,6,30,21.1,0,0,0,0,0,0,83
2004,1,24,7,30,20.900000000000002,0,0,0,0,0,0,85.07000000000001
2004,1,24,8,30,20.700000000000003,0,0,0,0,0,0,86.51
2004,1,24,9,30,20.5,0,0,0,0,0,0,87.31
2004,1,24,10,30,20.400000000000002,0,0,0,0,0,0,87.28
2004,1,24,11,30,20.400000000000002,0,0,0,0,0,0,86.76
2004,1,24,12,30,20.400000000000002,0,0,0,0,0,0,86.61
2004,1,24,13,30,20.700000000000003,0,0,0,0,0,0,85.06
2004,1,24,14,30,21.200000000000003,477,116,42,10,75,77,83.10000000000001
2004,1,24,15,30,21.5,733,330,66,17,168,175,81.41
2004,1,24,16,30,21.700000000000003,846,528,78,0,37,37,79.9
2004,1,24,17,30,22,908,682,84,0,94,94,77.64
2004,1,24,18,30,22.1,902,767,106,0,213,213,75.88
2004,1,24,19,30,22.200000000000003,924,791,100,0,66,66,74.47
2004,1,24,20,30,22.200000000000003,920,741,93,1,218,218,73.63
2004,1,24,21,30,22.200000000000003,898,623,81,16,262,272,72.7
2004,1,24,22,30,22,832,446,69,0,96,96,72.5
2004,1,24,23,30,21.5,691,234,51,87,143,166,73.60000000000001
2004,1,25,0,30,21.1,275,33,19,0,19,19,75.67
2004,1,25,1,30,20.8,0,0,0,0,0,0,76.42
2004,1,25,2,30,20.6,0,0,0,0,0,0,76.14
2004,1,25,3,30,20.400000000000002,0,0,0,0,0,0,75.56
2004,1,25,4,30,20.1,0,0,0,0,0,0,75.47
2004,1,25,5,30,19.8,0,0,0,0,0,0,75.60000000000001
2004,1,25,6,30,19.6,0,0,0,0,0,0,75.46000000000001
2004,1,25,7,30,19.400000000000002,0,0,0,0,0,0,75.47
2004,1,25,8,30,19.3,0,0,0,0,0,0,75.22
2004,1,25,9,30,19.200000000000003,0,0,0,0,0,0,75.60000000000001
2004,1,25,10,30,19.200000000000003,0,0,0,0,0,0,75.74
2004,1,25,11,30,19.3,0,0,0,0,0,0,75.03
2004,1,25,12,30,19.400000000000002,0,0,0,0,0,0,74.14
2004,1,25,13,30,19.8,0,0,0,0,0,0,71.96000000000001
2004,1,25,14,30,20.6,556,126,38,556,38,126,69.12
2004,1,25,15,30,21.200000000000003,799,347,58,799,58,347,66.37
2004,1,25,16,30,21.700000000000003,896,548,70,896,70,548,64.59
2004,1,25,17,30,22,945,702,78,400,308,572,63.71
2004,1,25,18,30,22.1,968,795,84,968,84,795,62.93
2004,1,25,19,30,22.200000000000003,976,815,82,234,408,584,61.65
2004,1,25,20,30,22.1,973,765,78,973,78,765,60.95
2004,1,25,21,30,22,940,643,74,940,74,643,59.89
2004,1,25,22,30,21.700000000000003,873,462,64,873,64,462,59.85
2004,1,25,23,30,21.1,730,245,50,730,50,245,61.56
2004,1,26,0,30,20.400000000000002,314,36,19,314,19,36,66.37
2004,1,26,1,30,20,0,0,0,0,0,0,68.63
2004,1,26,2,30,19.700000000000003,0,0,0,0,0,0,70.09
2004,1,26,3,30,19.5,0,0,0,0,0,0,71.01
2004,1,26,4,30,19.200000000000003,0,0,0,0,0,0,72.68
2004,1,26,5,30,19.1,0,0,0,0,0,0,73.54
2004,1,26,6,30,19,0,0,0,0,0,0,74.61
2004,1,26,7,30,18.900000000000002,0,0,0,0,0,0,75.29
2004,1,26,8,30,18.8,0,0,0,0,0,0,75.37
2004,1,26,9,30,18.6,0,0,0,0,0,0,75.38
2004,1,26,10,30,18.400000000000002,0,0,0,0,0,0,74.13
2004,1,26,11,30,18.3,0,0,0,0,0,0,71.83
2004,1,26,12,30,18.2,0,0,0,0,0,0,70.94
2004,1,26,13,30,18.6,0,0,0,0,0,0,68.02
2004,1,26,14,30,19.6,582,130,37,582,37,130,64.31
2004,1,26,15,30,20.6,824,356,57,824,57,356,58.79
2004,1,26,16,30,21.200000000000003,926,562,66,926,66,562,56.82
2004,1,26,17,30,21.8,974,719,72,974,72,719,55.160000000000004
2004,1,26,18,30,22.1,997,811,76,997,76,811,54.370000000000005
2004,1,26,19,30,22.400000000000002,1007,834,75,1007,75,834,52.84
2004,1,26,20,30,22.5,997,779,72,997,72,779,51.85
2004,1,26,21,30,22.5,964,655,67,964,67,655,51.99
2004,1,26,22,30,22.200000000000003,897,472,60,897,60,472,53.6
2004,1,26,23,30,21.400000000000002,752,251,48,752,48,251,57.52
2004,1,27,0,30,20.5,343,39,19,343,19,39,63.57
2004,1,27,1,30,20.1,0,0,0,0,0,0,66.36
2004,1,27,2,30,19.8,0,0,0,0,0,0,67.88
2004,1,27,3,30,19.6,0,0,0,0,0,0,68.95
2004,1,27,4,30,19.5,0,0,0,0,0,0,69.59
2004,1,27,5,30,19.3,0,0,0,0,0,0,70.62
2004,1,27,6,30,19.200000000000003,0,0,0,0,0,0,71.01
2004,1,27,7,30,19,0,0,0,0,0,0,71.39
2004,1,27,8,30,18.900000000000002,0,0,0,0,0,0,70.86
2004,1,27,9,30,18.8,0,0,0,0,0,0,69.93
2004,1,27,10,30,18.7,0,0,0,0,0,0,69.29
2004,1,27,11,30,18.6,0,0,0,0,0,0,68.64
2004,1,27,12,30,18.6,0,0,0,0,0,0,67.47
2004,1,27,13,30,19,0,0,0,0,0,0,64.86
2004,1,27,14,30,20,564,130,40,564,40,130,62.18
2004,1,27,15,30,20.900000000000002,810,356,61,810,61,356,57.68
2004,1,27,16,30,21.700000000000003,915,563,71,915,71,563,56.36
2004,1,27,17,30,22.3,967,721,77,967,77,721,55.09
2004,1,27,18,30,22.700000000000003,982,812,85,982,85,812,54.27
2004,1,27,19,30,22.900000000000002,989,833,85,989,85,833,54.29
2004,1,27,20,30,22.900000000000002,974,778,84,974,84,778,55.01
2004,1,27,21,30,22.700000000000003,946,657,77,946,77,657,56.06
2004,1,27,22,30,22.400000000000002,876,474,68,876,68,474,57.15
2004,1,27,23,30,21.6,727,252,53,727,53,252,60.620000000000005
2004,1,28,0,30,20.8,311,40,21,311,21,40,66.21000000000001
2004,1,28,1,30,20.400000000000002,0,0,0,0,0,0,68.08
2004,1,28,2,30,20.1,0,0,0,0,0,0,69.42
2004,1,28,3,30,20,0,0,0,0,0,0,69.65
2004,1,28,4,30,19.900000000000002,0,0,0,0,0,0,69.73
2004,1,28,5,30,19.700000000000003,0,0,0,0,0,0,70.2
2004,1,28,6,30,19.6,0,0,0,0,0,0,69.91
2004,1,28,7,30,19.400000000000002,0,0,0,0,0,0,69.65
2004,1,28,8,30,19.3,0,0,0,0,0,0,68.71000000000001
2004,1,28,9,30,19.200000000000003,0,0,0,0,0,0,67.7
2004,1,28,10,30,19.3,0,0,0,0,0,0,65.69
2004,1,28,11,30,19.3,0,0,0,0,0,0,64.28
2004,1,28,12,30,19.3,0,0,0,0,0,0,63.02
2004,1,28,13,30,19.700000000000003,0,0,0,0,0,0,60.96
2004,1,28,14,30,20.6,514,127,44,220,76,111,59.63
2004,1,28,15,30,21.5,767,349,68,81,204,234,57.09
2004,1,28,16,30,22.200000000000003,871,551,82,535,181,470,57.38
2004,1,28,17,30,22.5,922,707,91,694,176,640,58.43
2004,1,28,18,30,22.6,935,795,100,619,210,669,59.77
2004,1,28,19,30,22.5,933,812,104,365,329,606,61.64
2004,1,28,20,30,22.400000000000002,915,758,103,194,348,486,63.63
2004,1,28,21,30,22.3,823,624,117,75,283,329,65.44
2004,1,28,22,30,22.1,736,445,103,75,225,260,67.94
2004,1,28,23,30,21.700000000000003,555,231,78,30,127,135,71.83
2004,1,29,0,30,21.3,139,35,26,1,22,22,76.17
2004,1,29,1,30,21.1,0,0,0,0,0,0,78.02
2004,1,29,2,30,20.900000000000002,0,0,0,0,0,0,79.55
2004,1,29,3,30,20.8,0,0,0,0,0,0,80.39
2004,1,29,4,30,20.6,0,0,0,0,0,0,81.05
2004,1,29,5,30,20.3,0,0,0,0,0,0,81.60000000000001
2004,1,29,6,30,20.200000000000003,0,0,0,0,0,0,81.27
2004,1,29,7,30,20.1,0,0,0,0,0,0,81.35000000000001
2004,1,29,8,30,20,0,0,0,0,0,0,82.12
2004,1,29,9,30,20,0,0,0,0,0,0,82.55
2004,1,29,10,30,20.1,0,0,0,0,0,0,82.34
2004,1,29,11,30,20.200000000000003,0,0,0,0,0,0,82.35000000000001
2004,1,29,12,30,20.3,0,0,0,0,0,0,82.43
2004,1,29,13,30,20.400000000000002,0,0,0,0,0,0,82.58
2004,1,29,14,30,20.700000000000003,360,114,55,0,6,6,82.36
2004,1,29,15,30,21,641,325,89,5,111,113,80.79
2004,1,29,16,30,21.200000000000003,775,524,104,100,259,313,80.87
2004,1,29,17,30,21.3,842,678,113,89,309,369,80.84
2004,1,29,18,30,21.400000000000002,868,767,120,64,335,383,79.71000000000001
2004,1,29,19,30,21.400000000000002,887,791,114,84,356,420,78.67
2004,1,29,20,30,21.3,889,743,104,52,314,351,77.97
2004,1,29,21,30,21.3,838,620,102,129,286,366,76.97
2004,1,29,22,30,21.1,767,447,87,137,225,289,77.16
2004,1,29,23,30,20.900000000000002,611,236,66,49,152,166,77.73
2004,1,30,0,30,20.6,204,38,24,0,16,17,79.83
2004,1,30,1,30,20.400000000000002,0,0,0,0,0,0,80.66
2004,1,30,2,30,20.3,0,0,0,0,0,0,80.7
2004,1,30,3,30,20.200000000000003,0,0,0,0,0,0,80.87
2004,1,30,4,30,20,0,0,0,0,0,0,81.76
2004,1,30,5,30,19.900000000000002,0,0,0,0,0,0,81.74
2004,1,30,6,30,19.700000000000003,0,0,0,0,0,0,82.23
2004,1,30,7,30,19.5,0,0,0,0,0,0,83.06
2004,1,30,8,30,19.400000000000002,0,0,0,0,0,0,83.52
2004,1,30,9,30,19.3,0,0,0,0,0,0,83.61
2004,1,30,10,30,19.3,0,0,0,0,0,0,82.91
2004,1,30,11,30,19.200000000000003,0,0,0,0,0,0,82.55
2004,1,30,12,30,19.200000000000003,0,0,0,0,0,0,81.48
2004,1,30,13,30,19.6,0,0,0,0,0,0,78.3
2004,1,30,14,30,20.200000000000003,510,127,43,510,43,127,74.94
2004,1,30,15,30,20.8,774,351,64,774,64,351,70.54
2004,1,30,16,30,21.200000000000003,888,557,74,888,74,557,67.23
2004,1,30,17,30,21.700000000000003,944,715,79,944,79,715,64.57000000000001
2004,1,30,18,30,22,955,806,91,955,91,806,63.93
2004,1,30,19,30,22.200000000000003,960,826,91,960,91,826,64.43
2004,1,30,20,30,22.200000000000003,945,773,90,945,90,773,65.58
2004,1,30,21,30,22.1,887,646,94,887,94,646,66.36
2004,1,30,22,30,21.900000000000002,807,465,84,807,84,465,67.14
2004,1,30,23,30,21.400000000000002,644,247,66,644,66,247,69.05
2004,1,31,0,30,21,229,41,26,229,26,41,71.63
2004,1,31,1,30,20.700000000000003,0,0,0,0,0,0,73.5
2004,1,31,2,30,20.5,0,0,0,0,0,0,73.89
2004,1,31,3,30,20.400000000000002,0,0,0,0,0,0,73.76
2004,1,31,4,30,20.3,0,0,0,0,0,0,73.91
2004,1,31,5,30,20.200000000000003,0,0,0,0,0,0,74.23
2004,1,31,6,30,20,0,0,0,0,0,0,75.5
2004,1,31,7,30,19.8,0,0,0,0,0,0,77
2004,1,31,8,30,19.6,0,0,0,0,0,0,78.34
2004,1,31,9,30,19.400000000000002,0,0,0,0,0,0,78.5
2004,1,31,10,30,19.3,0,0,0,0,0,0,77.69
2004,1,31,11,30,19.200000000000003,0,0,0,0,0,0,77.27
2004,1,31,12,30,19.1,0,0,0,0,0,0,77.33
2004,1,31,13,30,19.5,0,0,0,0,0,0,75.57000000000001
2004,1,31,14,30,20.5,517,130,44,517,44,130,72.13
2004,1,31,15,30,21.400000000000002,776,356,67,776,67,356,67.25
2004,1,31,16,30,22,887,563,78,887,78,563,63.57
2004,1,31,17,30,22.5,943,722,84,943,84,722,59.83
2004,1,31,18,30,22.900000000000002,970,816,87,970,87,816,57.9
2004,1,31,19,30,23.200000000000003,976,837,87,976,87,837,57.86
2004,1,31,20,30,23.200000000000003,963,783,85,963,85,783,58.89
2004,1,31,21,30,23,932,662,80,932,80,662,60.01
2004,1,31,22,30,22.700000000000003,860,480,71,860,71,480,60.93
2004,1,31,23,30,22.1,713,259,56,161,153,199,62.64
2004,2,1,0,30,21.400000000000002,326,46,24,326,24,46,66.7
2004,2,1,1,30,20.900000000000002,0,0,0,0,0,0,68.96000000000001
2004,2,1,2,30,20.6,0,0,0,0,0,0,69.99
2004,2,1,3,30,20.3,0,0,0,0,0,0,71.55
2004,2,1,4,30,20.1,0,0,0,0,0,0,72.84
2004,2,1,5,30,19.900000000000002,0,0,0,0,0,0,73.41
2004,2,1,6,30,19.700000000000003,0,0,0,0,0,0,72.92
2004,2,1,7,30,19.5,0,0,0,0,0,0,72.68
2004,2,1,8,30,19.3,0,0,0,0,0,0,73.21000000000001
2004,2,1,9,30,19.3,0,0,0,0,0,0,72.54
2004,2,1,10,30,19.400000000000002,0,0,0,0,0,0,71.09
2004,2,1,11,30,19.400000000000002,0,0,0,0,0,0,70.65
2004,2,1,12,30,19.400000000000002,0,0,0,0,0,0,70.67
2004,2,1,13,30,19.700000000000003,0,0,0,0,0,0,69.34
2004,2,1,14,30,20.400000000000002,538,133,43,538,43,133,66.68
2004,2,1,15,30,21.1,792,360,63,792,63,360,61.79
2004,2,1,16,30,21.8,900,567,74,900,74,567,58.06
2004,2,1,17,30,22.3,952,726,80,952,80,726,55.71
2004,2,1,18,30,22.700000000000003,970,819,87,970,87,819,53.96
2004,2,1,19,30,23,976,840,87,976,87,840,53.2
2004,2,1,20,30,23.1,966,787,83,966,83,787,53.38
2004,2,1,21,30,23,933,664,78,933,78,664,53.79
2004,2,1,22,30,22.8,871,484,68,871,68,484,54.2
2004,2,1,23,30,22.200000000000003,733,264,53,733,53,264,56.34
2004,2,2,0,30,21.400000000000002,349,48,23,349,23,48,61.97
2004,2,2,1,30,21,0,0,0,0,0,0,64.51
2004,2,2,2,30,20.700000000000003,0,0,0,0,0,0,65.65
2004,2,2,3,30,20.5,0,0,0,0,0,0,65.72
2004,2,2,4,30,20.400000000000002,0,0,0,0,0,0,65.1
2004,2,2,5,30,20.200000000000003,0,0,0,0,0,0,65.37
2004,2,2,6,30,19.900000000000002,0,0,0,0,0,0,66.61
2004,2,2,7,30,19.700000000000003,0,0,0,0,0,0,67.93
2004,2,2,8,30,19.5,0,0,0,0,0,0,69.27
2004,2,2,9,30,19.400000000000002,0,0,0,0,0,0,69.79
2004,2,2,10,30,19.3,0,0,0,0,0,0,70.01
2004,2,2,11,30,19.1,0,0,0,0,0,0,70.35000000000001
2004,2,2,12,30,19,0,0,0,0,0,0,70.22
2004,2,2,13,30,19.400000000000002,0,0,0,0,0,0,68.31
2004,2,2,14,30,20.400000000000002,587,138,39,587,39,138,64.51
2004,2,2,15,30,21.700000000000003,824,368,58,824,58,368,59.31
2004,2,2,16,30,22.900000000000002,925,577,67,925,67,577,55.92
2004,2,2,17,30,23.6,979,739,72,979,72,739,53.050000000000004
2004,2,2,18,30,24.1,1000,834,77,1000,77,834,51.660000000000004
2004,2,2,19,30,24.400000000000002,1007,856,76,839,112,763,51.74
2004,2,2,20,30,24.400000000000002,995,803,75,343,380,631,52.9
2004,2,2,21,30,24.200000000000003,959,678,73,959,73,678,54.72
2004,2,2,22,30,23.8,893,495,65,893,65,495,56.92
2004,2,2,23,30,22.8,755,271,52,61,161,179,61.21
2004,2,3,0,30,21.8,381,52,24,14,36,37,67.18
2004,2,3,1,30,21.200000000000003,0,0,0,0,0,0,70.5
2004,2,3,2,30,20.8,0,0,0,0,0,0,72.69
2004,2,3,3,30,20.5,0,0,0,0,0,0,75.25
2004,2,3,4,30,20.200000000000003,0,0,0,0,0,0,77.34
2004,2,3,5,30,20,0,0,0,0,0,0,78.38
2004,2,3,6,30,19.8,0,0,0,0,0,0,79.74
2004,2,3,7,30,19.700000000000003,0,0,0,0,0,0,79.81
2004,2,3,8,30,19.6,0,0,0,0,0,0,78.65
2004,2,3,9,30,19.6,0,0,0,0,0,0,76.32000000000001
2004,2,3,10,30,19.700000000000003,0,0,0,0,0,0,73.73
2004,2,3,11,30,19.900000000000002,0,0,0,0,0,0,71.43
2004,2,3,12,30,20,0,0,0,0,0,0,70.11
2004,2,3,13,30,20.400000000000002,0,0,0,0,0,0,68.42
2004,2,3,14,30,21.1,550,137,43,130,86,108,67.57000000000001
2004,2,3,15,30,21.700000000000003,785,364,66,67,184,209,65.31
2004,2,3,16,30,22,887,571,79,125,249,318,64.06
2004,2,3,17,30,22.200000000000003,939,730,87,13,240,249,62.6
2004,2,3,18,30,22.400000000000002,957,823,95,139,354,459,60.75
2004,2,3,19,30,22.6,967,847,95,375,337,628,59.2
2004,2,3,20,30,22.700000000000003,956,794,91,23,290,308,58.81
2004,2,3,21,30,22.8,913,668,88,54,279,314,59.42
2004,2,3,22,30,22.700000000000003,840,485,79,9,156,160,62.03
2004,2,3,23,30,22.1,684,263,63,1,50,50,67.38
2004,2,4,0,30,21.3,278,49,27,2,30,30,74.15
2004,2,4,1,30,20.8,0,0,0,0,0,0,77.79
2004,2,4,2,30,20.6,0,0,0,0,0,0,78.97
2004,2,4,3,30,20.3,0,0,0,0,0,0,80.07000000000001
2004,2,4,4,30,20.1,0,0,0,0,0,0,79.84
2004,2,4,5,30,20,0,0,0,0,0,0,78.21000000000001
2004,2,4,6,30,19.8,0,0,0,0,0,0,78.45
2004,2,4,7,30,19.700000000000003,0,0,0,0,0,0,79.06
2004,2,4,8,30,19.6,0,0,0,0,0,0,79.93
2004,2,4,9,30,19.6,0,0,0,0,0,0,80.65
2004,2,4,10,30,19.6,0,0,0,0,0,0,80.51
2004,2,4,11,30,19.700000000000003,0,0,0,0,0,0,79.03
2004,2,4,12,30,19.700000000000003,0,0,0,0,0,0,78.39
2004,2,4,13,30,20.1,0,0,0,0,0,0,76.49
2004,2,4,14,30,20.700000000000003,480,132,49,15,87,89,74.71000000000001
2004,2,4,15,30,21.200000000000003,733,355,75,145,206,261,74
2004,2,4,16,30,21.8,847,560,89,847,89,560,72.64
2004,2,4,17,30,22.200000000000003,904,717,95,904,95,717,71.87
2004,2,4,18,30,22.400000000000002,922,808,104,459,341,692,71.24
2004,2,4,19,30,22.5,931,832,104,931,104,832,70.15
2004,2,4,20,30,22.5,926,782,99,926,99,782,68.84
2004,2,4,21,30,22.5,918,667,81,918,81,667,67.52
2004,2,4,22,30,22.400000000000002,856,488,71,856,71,488,67.85
2004,2,4,23,30,22,715,268,57,185,151,206,70.12
2004,2,5,0,30,21.400000000000002,338,53,26,1,34,34,74.27
2004,2,5,1,30,21,0,0,0,0,0,0,76.77
2004,2,5,2,30,20.8,0,0,0,0,0,0,76.55
2004,2,5,3,30,20.700000000000003,0,0,0,0,0,0,75.71000000000001
2004,2,5,4,30,20.5,0,0,0,0,0,0,76.35000000000001
2004,2,5,5,30,20.3,0,0,0,0,0,0,77.75
2004,2,5,6,30,20.1,0,0,0,0,0,0,80.08
2004,2,5,7,30,19.900000000000002,0,0,0,0,0,0,82.89
2004,2,5,8,30,19.700000000000003,0,0,0,0,0,0,84.91
2004,2,5,9,30,19.6,0,0,0,0,0,0,85.14
2004,2,5,10,30,19.400000000000002,0,0,0,0,0,0,85.3
2004,2,5,11,30,19.400000000000002,0,0,0,0,0,0,84.13
2004,2,5,12,30,19.400000000000002,0,0,0,0,0,0,83.18
2004,2,5,13,30,19.6,0,0,0,0,0,0,81.26
2004,2,5,14,30,20.3,496,135,48,221,82,120,77.57000000000001
2004,2,5,15,30,21,748,360,73,50,206,225,74.71000000000001
2004,2,5,16,30,21.6,860,567,86,253,250,391,71.97
2004,2,5,17,30,22.200000000000003,920,727,92,452,308,620,69.09
2004,2,5,18,30,22.700000000000003,927,817,106,927,106,817,67.19
2004,2,5,19,30,23,940,842,104,940,104,842,66.16
2004,2,5,20,30,23.1,935,791,97,935,97,791,65.45
2004,2,5,21,30,23,905,671,91,905,91,671,65.09
2004,2,5,22,30,22.8,841,491,79,456,171,394,65.44
2004,2,5,23,30,22.200000000000003,700,271,61,314,131,225,67.72
2004,2,6,0,30,21.400000000000002,320,54,28,5,36,36,72.72
2004,2,6,1,30,20.8,0,0,0,0,0,0,76.69
2004,2,6,2,30,20.5,0,0,0,0,0,0,78.69
2004,2,6,3,30,20.200000000000003,0,0,0,0,0,0,80.2
2004,2,6,4,30,20,0,0,0,0,0,0,81.03
2004,2,6,5,30,19.8,0,0,0,0,0,0,81.61
2004,2,6,6,30,19.700000000000003,0,0,0,0,0,0,81.55
2004,2,6,7,30,19.700000000000003,0,0,0,0,0,0,80.77
2004,2,6,8,30,19.8,0,0,0,0,0,0,78.93
2004,2,6,9,30,19.900000000000002,0,0,0,0,0,0,76.73
2004,2,6,10,30,20,0,0,0,0,0,0,74.54
2004,2,6,11,30,20,0,0,0,0,0,0,72.94
2004,2,6,12,30,20,0,0,0,0,0,0,71.5
2004,2,6,13,30,20.3,0,0,0,0,0,0,68.96000000000001
2004,2,6,14,30,21.200000000000003,570,145,44,20,74,77,65.36
2004,2,6,15,30,22.200000000000003,808,377,65,591,128,355,60.800000000000004
2004,2,6,16,30,23.1,911,588,76,479,199,468,58.11
2004,2,6,17,30,23.700000000000003,964,750,82,677,193,662,55.9
2004,2,6,18,30,24,983,845,88,780,145,746,55.56
2004,2,6,19,30,24.1,989,867,88,832,117,773,55.72
2004,2,6,20,30,23.900000000000002,981,817,86,506,277,654,56.88
2004,2,6,21,30,23.6,936,690,86,653,180,601,58.28
2004,2,6,22,30,23.3,868,505,77,123,250,310,59.730000000000004
2004,2,6,23,30,22.6,724,279,61,6,83,85,63.5
2004,2,7,0,30,21.700000000000003,348,58,28,6,37,38,69.83
2004,2,7,1,30,21.200000000000003,0,0,0,0,0,0,72.65
2004,2,7,2,30,21,0,0,0,0,0,0,73.74
2004,2,7,3,30,20.900000000000002,0,0,0,0,0,0,73.44
2004,2,7,4,30,20.900000000000002,0,0,0,0,0,0,72.51
2004,2,7,5,30,20.900000000000002,0,0,0,0,0,0,71.75
2004,2,7,6,30,20.8,0,0,0,0,0,0,71.28
2004,2,7,7,30,20.8,0,0,0,0,0,0,69.71000000000001
2004,2,7,8,30,20.8,0,0,0,0,0,0,67.57000000000001
2004,2,7,9,30,20.700000000000003,0,0,0,0,0,0,66.26
2004,2,7,10,30,20.5,0,0,0,0,0,0,65.93
2004,2,7,11,30,20.3,0,0,0,0,0,0,65.58
2004,2,7,12,30,20.200000000000003,0,0,0,0,0,0,65.13
2004,2,7,13,30,20.400000000000002,0,0,0,0,0,0,63.2
2004,2,7,14,30,20.900000000000002,559,144,44,8,63,65,61.08
2004,2,7,15,30,21.8,784,371,67,34,166,179,55.68
2004,2,7,16,30,22.8,882,577,79,387,235,453,51.96
2004,2,7,17,30,23.700000000000003,930,735,87,289,322,523,50.45
2004,2,7,18,30,24.1,931,822,103,219,366,535,51.01
2004,2,7,19,30,24.400000000000002,936,843,102,182,367,511,51.5
2004,2,7,20,30,24.400000000000002,922,789,99,24,293,311,53.28
2004,2,7,21,30,24.1,878,665,96,73,298,345,55.410000000000004
2004,2,7,22,30,23.6,807,486,85,22,203,214,57.51
2004,2,7,23,30,22.900000000000002,661,268,67,11,110,113,62.11
2004,2,8,0,30,22.400000000000002,292,55,30,2,31,31,66.51
2004,2,8,1,30,22.1,0,0,0,0,0,0,67.68
2004,2,8,2,30,21.900000000000002,0,0,0,0,0,0,68.22
2004,2,8,3,30,21.700000000000003,0,0,0,0,0,0,68.48
2004,2,8,4,30,21.6,0,0,0,0,0,0,67.96000000000001
2004,2,8,5,30,21.400000000000002,0,0,0,0,0,0,68.45
2004,2,8,6,30,21.3,0,0,0,0,0,0,68.9
2004,2,8,7,30,21.200000000000003,0,0,0,0,0,0,68.91
2004,2,8,8,30,21.1,0,0,0,0,0,0,68.92
2004,2,8,9,30,21.1,0,0,0,0,0,0,68.43
2004,2,8,10,30,21.1,0,0,0,0,0,0,67.84
2004,2,8,11,30,21.1,0,0,0,0,0,0,67.43
2004,2,8,12,30,21.200000000000003,0,0,0,0,0,0,66.96000000000001
2004,2,8,13,30,21.700000000000003,0,0,0,0,0,0,65.39
2004,2,8,14,30,22.900000000000002,514,140,47,78,94,108,63.56
2004,2,8,15,30,24,745,364,73,170,205,272,58.94
2004,2,8,16,30,24.900000000000002,846,568,87,364,264,470,56.660000000000004
2004,2,8,17,30,25.5,898,725,97,898,97,725,55.92
2004,2,8,18,30,25.8,937,822,94,937,94,822,56.34
2004,2,8,19,30,25.900000000000002,939,843,97,503,332,731,57.15
2004,2,8,20,30,25.8,919,788,97,448,331,668,58.22
2004,2,8,21,30,25.6,892,668,88,892,88,668,59.21
2004,2,8,22,30,25.200000000000003,822,489,78,822,78,489,60.67
2004,2,8,23,30,24.400000000000002,678,270,62,678,62,270,64.01
2004,2,9,0,30,23.400000000000002,324,57,29,324,29,57,71.5
2004,2,9,1,30,22.8,0,0,0,0,0,0,75.54
2004,2,9,2,30,22.5,0,0,0,0,0,0,76.81
2004,2,9,3,30,22.200000000000003,0,0,0,0,0,0,77.76
2004,2,9,4,30,22.1,0,0,0,0,0,0,77.56
2004,2,9,5,30,21.900000000000002,0,0,0,0,0,0,77.61
2004,2,9,6,30,21.8,0,0,0,0,0,0,77.16
2004,2,9,7,30,21.6,0,0,0,0,0,0,77.25
2004,2,9,8,30,21.5,0,0,0,0,0,0,76.86
2004,2,9,9,30,21.5,0,0,0,0,0,0,75.81
2004,2,9,10,30,21.3,0,0,0,0,0,0,75.69
2004,2,9,11,30,21.3,0,0,0,0,0,0,74.37
2004,2,9,12,30,21.3,0,0,0,0,0,0,72.75
2004,2,9,13,30,21.8,0,0,0,0,0,0,69.16
2004,2,9,14,30,22.900000000000002,530,142,45,71,92,105,65.25
2004,2,9,15,30,23.900000000000002,752,365,69,294,172,288,61.01
2004,2,9,16,30,24.5,847,567,84,564,145,466,61.32
2004,2,9,17,30,24.900000000000002,899,723,91,526,208,577,61.95
2004,2,9,18,30,25.200000000000003,911,813,102,911,102,813,62.79
2004,2,9,19,30,25.3,911,832,105,747,135,731,63.35
2004,2,9,20,30,25,896,780,104,896,104,780,64.74
2004,2,9,21,30,24.700000000000003,860,660,97,553,190,552,65.98
2004,2,9,22,30,24.400000000000002,789,482,86,33,235,252,67.66
2004,2,9,23,30,23.8,647,267,67,0,72,72,70.7
2004,2,10,0,30,23.1,292,57,30,292,30,57,75.92
2004,2,10,1,30,22.5,0,0,0,0,0,0,79.63
2004,2,10,2,30,22.200000000000003,0,0,0,0,0,0,81.27
2004,2,10,3,30,21.900000000000002,0,0,0,0,0,0,82.92
2004,2,10,4,30,21.700000000000003,0,0,0,0,0,0,83.22
2004,2,10,5,30,21.6,0,0,0,0,0,0,82.42
2004,2,10,6,30,21.5,0,0,0,0,0,0,81.66
2004,2,10,7,30,21.400000000000002,0,0,0,0,0,0,81.35000000000001
2004,2,10,8,30,21.400000000000002,0,0,0,0,0,0,80.66
2004,2,10,9,30,21.400000000000002,0,0,0,0,0,0,79.81
2004,2,10,10,30,21.400000000000002,0,0,0,0,0,0,79.15
2004,2,10,11,30,21.400000000000002,0,0,0,0,0,0,78.59
2004,2,10,12,30,21.400000000000002,0,0,0,0,0,0,77.84
2004,2,10,13,30,21.700000000000003,0,0,0,0,0,0,75.9
2004,2,10,14,30,22.400000000000002,469,139,51,16,75,78,73.06
2004,2,10,15,30,23.200000000000003,708,359,79,545,135,351,70.03
2004,2,10,16,30,23.900000000000002,820,564,93,308,236,412,68.38
2004,2,10,17,30,24.5,878,720,101,878,101,720,66.37
2004,2,10,18,30,24.900000000000002,898,813,109,743,135,717,65.08
2004,2,10,19,30,24.900000000000002,905,835,110,905,110,835,65.1
2004,2,10,20,30,24.700000000000003,894,784,106,677,203,716,65.46000000000001
2004,2,10,21,30,24.5,861,664,99,315,283,490,65.7
2004,2,10,22,30,24.1,788,486,87,304,219,373,66.54
2004,2,10,23,30,23.6,642,269,69,208,136,201,68.32000000000001
2004,2,11,0,30,23,285,58,32,5,37,38,71.88
2004,2,11,1,30,22.5,0,0,0,0,0,0,74.26
2004,2,11,2,30,22.3,0,0,0,0,0,0,74.96000000000001
2004,2,11,3,30,22,0,0,0,0,0,0,76.15
2004,2,11,4,30,21.900000000000002,0,0,0,0,0,0,76.45
2004,2,11,5,30,21.700000000000003,0,0,0,0,0,0,77.2
2004,2,11,6,30,21.6,0,0,0,0,0,0,77.66
2004,2,11,7,30,21.5,0,0,0,0,0,0,77.93
2004,2,11,8,30,21.400000000000002,0,0,0,0,0,0,78.06
2004,2,11,9,30,21.3,0,0,0,0,0,0,78.16
2004,2,11,10,30,21.200000000000003,0,0,0,0,0,0,77.72
2004,2,11,11,30,21.3,0,0,0,0,0,0,76.16
2004,2,11,12,30,21.5,0,0,0,0,0,0,74.64
2004,2,11,13,30,21.700000000000003,0,0,0,0,0,0,74.17
2004,2,11,14,30,22.1,457,139,53,0,7,7,74
2004,2,11,15,30,22.5,695,360,82,22,144,153,72.7
2004,2,11,16,30,23,805,562,98,49,276,304,70.71000000000001
2004,2,11,17,30,23.400000000000002,866,719,105,10,298,305,69.10000000000001
2004,2,11,18,30,23.700000000000003,906,815,102,53,368,410,67.5
2004,2,11,19,30,23.8,913,838,103,603,231,716,66.23
2004,2,11,20,30,23.8,902,788,101,371,309,592,65.36
2004,2,11,21,30,23.6,884,671,87,189,325,450,65.19
2004,2,11,22,30,23.400000000000002,817,493,78,408,188,396,64.74
2004,2,11,23,30,22.900000000000002,686,278,62,337,126,233,65.93
2004,2,12,0,30,22.400000000000002,350,63,30,3,33,33,69.71000000000001
2004,2,12,1,30,22,0,0,0,0,0,0,71.33
2004,2,12,2,30,21.700000000000003,0,0,0,0,0,0,72.9
2004,2,12,3,30,21.5,0,0,0,0,0,0,74.09
2004,2,12,4,30,21.400000000000002,0,0,0,0,0,0,74.68
2004,2,12,5,30,21.3,0,0,0,0,0,0,75.35000000000001
2004,2,12,6,30,21.200000000000003,0,0,0,0,0,0,75.64
2004,2,12,7,30,21.3,0,0,0,0,0,0,74.77
2004,2,12,8,30,21.200000000000003,0,0,0,0,0,0,74.73
2004,2,12,9,30,21.200000000000003,0,0,0,0,0,0,73.98
2004,2,12,10,30,21.1,0,0,0,0,0,0,73.45
2004,2,12,11,30,21.200000000000003,0,0,0,0,0,0,71.8
2004,2,12,12,30,21.200000000000003,0,0,0,0,0,0,70.37
2004,2,12,13,30,21.6,0,0,0,0,0,0,67.39
2004,2,12,14,30,22.3,536,149,47,4,55,55,65.3
2004,2,12,15,30,23.1,764,376,69,476,133,324,60.24
2004,2,12,16,30,23.900000000000002,866,583,81,731,116,539,57.63
2004,2,12,17,30,24.400000000000002,916,741,88,916,88,741,56.47
2004,2,12,18,30,24.6,932,835,98,531,257,677,56.370000000000005
2004,2,12,19,30,24.6,937,857,99,498,272,675,56.77
2004,2,12,20,30,24.5,925,805,98,366,308,587,57.4
2004,2,12,21,30,24.3,883,681,95,150,363,462,58.410000000000004
2004,2,12,22,30,24.1,811,500,85,56,225,253,59.57
2004,2,12,23,30,23.5,670,281,68,22,130,137,62.99
2004,2,13,0,30,22.8,323,64,32,1,33,33,69.37
2004,2,13,1,30,22.3,0,0,0,0,0,0,72.91
2004,2,13,2,30,22.1,0,0,0,0,0,0,74.72
2004,2,13,3,30,22,0,0,0,0,0,0,75.73
2004,2,13,4,30,22,0,0,0,0,0,0,75.96000000000001
2004,2,13,5,30,21.900000000000002,0,0,0,0,0,0,76.8
2004,2,13,6,30,21.8,0,0,0,0,0,0,77.97
2004,2,13,7,30,21.700000000000003,0,0,0,0,0,0,79.22
2004,2,13,8,30,21.5,0,0,0,0,0,0,80.32000000000001
2004,2,13,9,30,21.400000000000002,0,0,0,0,0,0,80.69
2004,2,13,10,30,21.400000000000002,0,0,0,0,0,0,80.16
2004,2,13,11,30,21.3,0,0,0,0,0,0,79.88
2004,2,13,12,30,21.400000000000002,0,0,0,0,0,0,78.31
2004,2,13,13,30,21.6,0,0,0,0,0,0,76.57000000000001
2004,2,13,14,30,22,539,150,46,98,66,85,75.28
2004,2,13,15,30,22.6,762,375,67,11,122,126,70.82000000000001
2004,2,13,16,30,23.200000000000003,865,581,77,26,190,205,67.62
2004,2,13,17,30,24,921,740,80,921,80,740,64.04
2004,2,13,18,30,24.5,944,833,84,519,313,725,60.31
2004,2,13,19,30,24.5,954,856,82,314,397,652,57.92
2004,2,13,20,30,24.400000000000002,948,807,79,69,324,377,59.09
2004,2,13,21,30,24.3,898,683,85,898,85,683,61.32
2004,2,13,22,30,24,837,505,75,837,75,505,62.74
2004,2,13,23,30,23.400000000000002,710,287,60,710,60,287,64.69
2004,2,14,0,30,22.6,381,68,30,381,30,68,69.13
2004,2,14,1,30,22,0,0,0,0,0,0,71.88
2004,2,14,2,30,21.6,0,0,0,0,0,0,72.82000000000001
2004,2,14,3,30,21.200000000000003,0,0,0,0,0,0,73.53
2004,2,14,4,30,20.8,0,0,0,0,0,0,74.2
2004,2,14,5,30,20.6,0,0,0,0,0,0,73.89
2004,2,14,6,30,20.400000000000002,0,0,0,0,0,0,73.69
2004,2,14,7,30,20.200000000000003,0,0,0,0,0,0,73.62
2004,2,14,8,30,20,0,0,0,0,0,0,73.88
2004,2,14,9,30,19.8,0,0,0,0,0,0,74.26
2004,2,14,10,30,19.700000000000003,0,0,0,0,0,0,74.33
2004,2,14,11,30,19.6,0,0,0,0,0,0,74.32000000000001
2004,2,14,12,30,19.5,0,0,0,0,0,0,74.25
2004,2,14,13,30,20,0,0,0,0,0,0,71.53
2004,2,14,14,30,21.1,626,165,42,626,42,165,66.53
2004,2,14,15,30,22.400000000000002,833,399,60,833,60,399,61.300000000000004
2004,2,14,16,30,23.5,928,613,69,928,69,613,56.980000000000004
2004,2,14,17,30,24,976,776,75,976,75,776,55.63
2004,2,14,18,30,24.200000000000003,993,874,83,993,83,874,54.7
2004,2,14,19,30,24.3,998,897,83,998,83,897,53.76
2004,2,14,20,30,24.200000000000003,991,846,81,991,81,846,53.25
2004,2,14,21,30,24,959,720,77,959,77,720,53.02
2004,2,14,22,30,23.5,902,535,69,902,69,535,53.81
2004,2,14,23,30,22.6,777,307,56,777,56,307,56.42
2004,2,15,0,30,21.6,451,76,30,451,30,76,61.58
2004,2,15,1,30,20.900000000000002,0,0,0,0,0,0,64.98
2004,2,15,2,30,20.5,0,0,0,0,0,0,66.06
2004,2,15,3,30,20.1,0,0,0,0,0,0,67.2
2004,2,15,4,30,19.900000000000002,0,0,0,0,0,0,67.23
2004,2,15,5,30,19.6,0,0,0,0,0,0,67.5
2004,2,15,6,30,19.400000000000002,0,0,0,0,0,0,67.54
2004,2,15,7,30,19.200000000000003,0,0,0,0,0,0,67.77
2004,2,15,8,30,18.900000000000002,0,0,0,0,0,0,68.42
2004,2,15,9,30,18.8,0,0,0,0,0,0,68.08
2004,2,15,10,30,18.7,0,0,0,0,0,0,67.63
2004,2,15,11,30,18.7,0,0,0,0,0,0,67.06
2004,2,15,12,30,18.8,0,0,0,0,0,0,66.77
2004,2,15,13,30,19.3,0,0,0,0,0,0,65.49
2004,2,15,14,30,20.200000000000003,619,169,46,619,46,169,63.77
2004,2,15,15,30,21,839,410,66,839,66,410,60.160000000000004
2004,2,15,16,30,21.700000000000003,934,626,76,934,76,626,57.03
2004,2,15,17,30,22.3,987,794,81,987,81,794,54.44
2004,2,15,18,30,22.700000000000003,1013,893,82,1013,82,893,51.84
2004,2,15,19,30,22.900000000000002,1023,919,82,1023,82,919,50.14
2004,2,15,20,30,22.8,1012,865,80,1012,80,865,49.75
2004,2,15,21,30,22.700000000000003,984,740,78,984,78,740,49.4
2004,2,15,22,30,22.400000000000002,924,550,70,924,70,550,49.63
2004,2,15,23,30,21.6,799,317,57,799,57,317,51.82
2004,2,16,0,30,20.700000000000003,479,81,30,479,30,81,57.64
2004,2,16,1,30,20,0,0,0,0,0,0,61.550000000000004
2004,2,16,2,30,19.6,0,0,0,0,0,0,63.4
2004,2,16,3,30,19.3,0,0,0,0,0,0,64.32000000000001
2004,2,16,4,30,19.1,0,0,0,0,0,0,64.62
2004,2,16,5,30,19,0,0,0,0,0,0,65.51
2004,2,16,6,30,18.8,0,0,0,0,0,0,67
2004,2,16,7,30,18.6,0,0,0,0,0,0,67.94
2004,2,16,8,30,18.400000000000002,0,0,0,0,0,0,68.43
2004,2,16,9,30,18.3,0,0,0,0,0,0,67.88
2004,2,16,10,30,18.1,0,0,0,0,0,0,66.96000000000001
2004,2,16,11,30,18,0,0,0,0,0,0,64.93
2004,2,16,12,30,17.8,0,0,0,0,0,0,63.39
2004,2,16,13,30,18.400000000000002,0,0,0,0,0,0,59.660000000000004
2004,2,16,14,30,19.6,669,177,43,669,43,177,54.52
2004,2,16,15,30,21.1,872,421,60,872,60,421,48.5
2004,2,16,16,30,23.1,962,639,69,962,69,639,41.77
2004,2,16,17,30,24.700000000000003,1007,806,75,1007,75,806,38.01
2004,2,16,18,30,25.400000000000002,1026,904,79,1026,79,904,39.09
2004,2,16,19,30,25.700000000000003,1031,927,80,1031,80,927,39.78
2004,2,16,20,30,25.8,1019,872,79,1019,79,872,40.4
2004,2,16,21,30,25.6,989,744,75,989,75,744,41.84
2004,2,16,22,30,25,923,550,68,923,68,550,44.980000000000004
2004,2,16,23,30,23.8,799,318,55,799,55,318,51
2004,2,17,0,30,22.400000000000002,477,81,30,477,30,81,60.46
2004,2,17,1,30,21.5,0,0,0,0,0,0,66.7
2004,2,17,2,30,21.1,0,0,0,0,0,0,70.37
2004,2,17,3,30,20.8,0,0,0,0,0,0,72.42
2004,2,17,4,30,20.5,0,0,0,0,0,0,73.47
2004,2,17,5,30,20,0,0,0,0,0,0,75.4
2004,2,17,6,30,19.400000000000002,0,0,0,0,0,0,78.76
2004,2,17,7,30,18.900000000000002,0,0,0,0,0,0,80.86
2004,2,17,8,30,18.5,0,0,0,0,0,0,80.4
2004,2,17,9,30,18,0,0,0,0,0,0,79.3
2004,2,17,10,30,17.6,0,0,0,0,0,0,76.71000000000001
2004,2,17,11,30,17.3,0,0,0,0,0,0,73.09
2004,2,17,12,30,17.2,0,0,0,0,0,0,69.10000000000001
2004,2,17,13,30,17.8,0,0,0,0,0,0,63.71
2004,2,17,14,30,19.3,675,182,44,675,44,182,56.65
2004,2,17,15,30,21.700000000000003,885,430,61,885,61,430,49.15
2004,2,17,16,30,24.5,974,650,70,974,70,650,43.660000000000004
2004,2,17,17,30,27.1,1019,818,75,1019,75,818,38.9
2004,2,17,18,30,28.8,1040,918,78,1040,78,918,32.05
2004,2,17,19,30,29.200000000000003,1039,936,78,1039,78,936,28.82
2004,2,17,20,30,28.5,1028,880,77,1028,77,880,34.86
2004,2,17,21,30,27.900000000000002,993,748,73,993,73,748,38.99
2004,2,17,22,30,27,932,557,67,932,67,557,42.28
2004,2,17,23,30,25.5,805,321,55,805,55,321,48.11
2004,2,18,0,30,23.8,486,83,30,486,30,83,57.58
2004,2,18,1,30,22.8,0,0,0,0,0,0,62.230000000000004
2004,2,18,2,30,22.5,0,0,0,0,0,0,64.31
2004,2,18,3,30,22.200000000000003,0,0,0,0,0,0,66.03
2004,2,18,4,30,21.8,0,0,0,0,0,0,68.55
2004,2,18,5,30,21.1,0,0,0,0,0,0,71.98
2004,2,18,6,30,20.5,0,0,0,0,0,0,74.09
2004,2,18,7,30,20,0,0,0,0,0,0,76.27
2004,2,18,8,30,19.6,0,0,0,0,0,0,77.15
2004,2,18,9,30,19.1,0,0,0,0,0,0,76.59
2004,2,18,10,30,18.7,0,0,0,0,0,0,74.51
2004,2,18,11,30,18.400000000000002,0,0,0,0,0,0,71.9
2004,2,18,12,30,18.2,0,0,0,0,0,0,69.26
2004,2,18,13,30,18.6,0,0,0,0,0,0,65.06
2004,2,18,14,30,20,682,185,44,682,44,185,57.65
2004,2,18,15,30,22.1,882,431,61,882,61,431,50.04
2004,2,18,16,30,24.6,977,654,69,977,69,654,43.04
2004,2,18,17,30,26.700000000000003,1023,822,73,1023,73,822,39.07
2004,2,18,18,30,28,1053,928,74,1053,74,928,33.95
2004,2,18,19,30,28.400000000000002,1050,945,75,1050,75,945,29.87
2004,2,18,20,30,28,1040,889,73,1040,73,889,31.900000000000002
2004,2,18,21,30,27.200000000000003,1009,760,71,1009,71,760,37.660000000000004
2004,2,18,22,30,26.3,944,564,65,944,65,564,41.65
2004,2,18,23,30,24.700000000000003,818,327,54,818,54,327,47.94
2004,2,19,0,30,23,506,87,30,506,30,87,59.730000000000004
2004,2,19,1,30,22.1,0,0,0,0,0,0,67.91
2004,2,19,2,30,21.6,0,0,0,0,0,0,72.87
2004,2,19,3,30,21.400000000000002,0,0,0,0,0,0,74.4
2004,2,19,4,30,21.400000000000002,0,0,0,0,0,0,72.88
2004,2,19,5,30,21.400000000000002,0,0,0,0,0,0,70.48
2004,2,19,6,30,21.1,0,0,0,0,0,0,70.14
2004,2,19,7,30,20.8,0,0,0,0,0,0,70.52
2004,2,19,8,30,20.5,0,0,0,0,0,0,70.79
2004,2,19,9,30,20.400000000000002,0,0,0,0,0,0,69.91
2004,2,19,10,30,20.3,0,0,0,0,0,0,68.39
2004,2,19,11,30,20.1,0,0,0,0,0,0,66.74
2004,2,19,12,30,20.1,0,0,0,0,0,0,64.03
2004,2,19,13,30,20.8,0,0,0,0,0,0,59.32
2004,2,19,14,30,22.3,665,184,44,1,68,69,54.75
2004,2,19,15,30,23.8,862,427,62,56,232,255,49.01
2004,2,19,16,30,25.1,950,645,72,76,321,367,46.46
2004,2,19,17,30,25.700000000000003,994,810,79,204,412,562,45.550000000000004
2004,2,19,18,30,25.900000000000002,1008,908,87,367,416,715,47.02
2004,2,19,19,30,26,1012,930,88,1012,88,930,48.76
2004,2,19,20,30,26,1002,875,85,1002,85,875,49.69
2004,2,19,21,30,25.900000000000002,973,747,79,973,79,747,50.11
2004,2,19,22,30,25.400000000000002,914,557,71,914,71,557,51.51
2004,2,19,23,30,24.3,796,326,58,796,58,326,55.980000000000004
2004,2,20,0,30,22.900000000000002,480,87,32,480,32,87,66
2004,2,20,1,30,22,0,0,0,0,0,0,73.14
2004,2,20,2,30,21.400000000000002,0,0,0,0,0,0,78.19
2004,2,20,3,30,20.900000000000002,0,0,0,0,0,0,83.48
2004,2,20,4,30,20.700000000000003,0,0,0,0,0,0,87.16
2004,2,20,5,30,20.700000000000003,0,0,0,0,0,0,88
2004,2,20,6,30,20.6,0,0,0,0,0,0,88.16
2004,2,20,7,30,20.3,0,0,0,0,0,0,88.83
2004,2,20,8,30,20.1,0,0,0,0,0,0,87.68
2004,2,20,9,30,19.8,0,0,0,0,0,0,85.82000000000001
2004,2,20,10,30,19.700000000000003,0,0,0,0,0,0,82.76
2004,2,20,11,30,19.700000000000003,0,0,0,0,0,0,78.94
2004,2,20,12,30,19.700000000000003,0,0,0,0,0,0,75.8
2004,2,20,13,30,20.400000000000002,0,0,0,0,0,0,70.12
2004,2,20,14,30,21.8,664,187,46,0,68,68,63.6
2004,2,20,15,30,23,862,432,65,37,224,240,57.4
2004,2,20,16,30,24,952,651,74,741,147,596,52.51
2004,2,20,17,30,24.700000000000003,997,817,80,464,342,685,49.96
2004,2,20,18,30,25,1012,912,85,1012,85,912,49.800000000000004
2004,2,20,19,30,25,1017,935,86,1017,86,935,50.77
2004,2,20,20,30,25,1005,879,84,745,172,761,51.43
2004,2,20,21,30,24.8,977,751,78,977,78,751,52.47
2004,2,20,22,30,24.400000000000002,913,558,71,913,71,558,54.160000000000004
2004,2,20,23,30,23.5,792,326,58,589,101,300,58.34
2004,2,21,0,30,22.400000000000002,481,88,32,15,54,56,66.72
2004,2,21,1,30,21.700000000000003,0,0,0,0,0,0,72.54
2004,2,21,2,30,21.3,0,0,0,0,0,0,75.06
2004,2,21,3,30,21,0,0,0,0,0,0,76.24
2004,2,21,4,30,20.8,0,0,0,0,0,0,76.03
2004,2,21,5,30,20.6,0,0,0,0,0,0,75.22
2004,2,21,6,30,20.400000000000002,0,0,0,0,0,0,74.54
2004,2,21,7,30,20.1,0,0,0,0,0,0,74.49
2004,2,21,8,30,19.900000000000002,0,0,0,0,0,0,73.96000000000001
2004,2,21,9,30,19.900000000000002,0,0,0,0,0,0,72.01
2004,2,21,10,30,19.900000000000002,0,0,0,0,0,0,70.11
2004,2,21,11,30,19.900000000000002,0,0,0,0,0,0,68.94
2004,2,21,12,30,19.900000000000002,0,0,0,0,0,0,68.17
2004,2,21,13,30,20.5,0,0,0,0,0,0,65.59
2004,2,21,14,30,21.6,647,188,48,647,48,188,62.26
2004,2,21,15,30,22.700000000000003,847,431,67,847,67,431,58.410000000000004
2004,2,21,16,30,23.5,937,649,77,937,77,649,56.18
2004,2,21,17,30,24.3,984,815,84,984,84,815,53.06
2004,2,21,18,30,24.8,995,911,93,547,349,798,51.870000000000005
2004,2,21,19,30,25.1,1002,933,93,1002,93,933,51.370000000000005
2004,2,21,20,30,25.1,992,878,90,992,90,878,51.38
2004,2,21,21,30,25,971,751,80,971,80,751,51.160000000000004
2004,2,21,22,30,24.5,910,561,72,390,255,465,52.050000000000004
2004,2,21,23,30,23.6,789,328,59,789,59,328,55.29
2004,2,22,0,30,22.400000000000002,477,89,33,477,33,89,62.93
2004,2,22,1,30,21.700000000000003,0,0,0,0,0,0,67.48
2004,2,22,2,30,21.3,0,0,0,0,0,0,69.71000000000001
2004,2,22,3,30,20.900000000000002,0,0,0,0,0,0,71.5
2004,2,22,4,30,20.6,0,0,0,0,0,0,72.53
2004,2,22,5,30,20.400000000000002,0,0,0,0,0,0,72.8
2004,2,22,6,30,20.200000000000003,0,0,0,0,0,0,72.62
2004,2,22,7,30,19.900000000000002,0,0,0,0,0,0,72.65
2004,2,22,8,30,19.700000000000003,0,0,0,0,0,0,72.42
2004,2,22,9,30,19.5,0,0,0,0,0,0,72.92
2004,2,22,10,30,19.400000000000002,0,0,0,0,0,0,73.68
2004,2,22,11,30,19.3,0,0,0,0,0,0,74.24
2004,2,22,12,30,19.3,0,0,0,0,0,0,74.2
2004,2,22,13,30,19.900000000000002,0,0,0,0,0,0,72.07000000000001
2004,2,22,14,30,20.900000000000002,561,177,54,561,54,177,70.65
2004,2,22,15,30,21.8,769,410,77,769,77,410,68.85000000000001
2004,2,22,16,30,22.8,870,622,89,870,89,622,62.1
2004,2,22,17,30,23.6,924,784,94,924,94,784,57.24
2004,2,22,18,30,24.200000000000003,952,881,96,952,96,881,54.49
2004,2,22,19,30,24.6,960,905,96,960,96,905,53.65
2004,2,22,20,30,24.700000000000003,948,850,94,639,180,690,54.36
2004,2,22,21,30,24.5,881,717,105,881,105,717,55.74
2004,2,22,22,30,24.1,807,531,96,807,96,531,57.61
2004,2,22,23,30,23.400000000000002,671,307,76,671,76,307,60.5
2004,2,23,0,30,22.6,344,81,40,344,40,81,65.66
2004,2,23,1,30,21.900000000000002,0,0,0,0,0,0,70.64
2004,2,23,2,30,21.5,0,0,0,0,0,0,73.63
2004,2,23,3,30,21.1,0,0,0,0,0,0,76.59
2004,2,23,4,30,20.900000000000002,0,0,0,0,0,0,78.26
2004,2,23,5,30,20.6,0,0,0,0,0,0,79.99
2004,2,23,6,30,20.5,0,0,0,0,0,0,80.47
2004,2,23,7,30,20.3,0,0,0,0,0,0,80.83
2004,2,23,8,30,20.1,0,0,0,0,0,0,80.91
2004,2,23,9,30,20.1,0,0,0,0,0,0,80.13
2004,2,23,10,30,20,0,0,0,0,0,0,79.98
2004,2,23,11,30,19.900000000000002,0,0,0,0,0,0,79.74
2004,2,23,12,30,19.8,0,0,0,0,0,0,79.29
2004,2,23,13,30,20.3,0,0,0,0,0,0,75.86
2004,2,23,14,30,21.3,534,178,59,534,59,178,71.16
2004,2,23,15,30,22.200000000000003,754,412,83,754,83,412,66.38
2004,2,23,16,30,23.1,860,624,94,860,94,624,61.17
2004,2,23,17,30,23.700000000000003,917,787,100,377,358,640,58.32
2004,2,23,18,30,24.1,948,885,100,948,100,885,57.31
2004,2,23,19,30,24.200000000000003,957,907,98,957,98,907,57.71
2004,2,23,20,30,24.200000000000003,950,854,93,950,93,854,58.45
2004,2,23,21,30,23.900000000000002,917,727,87,428,312,610,60.49
2004,2,23,22,30,23.5,855,541,77,394,242,456,63.08
2004,2,23,23,30,22.900000000000002,731,315,62,731,62,315,66.73
2004,2,24,0,30,22.200000000000003,422,86,34,422,34,86,71.62
2004,2,24,1,30,21.700000000000003,0,0,0,0,0,0,76.47
2004,2,24,2,30,21.400000000000002,0,0,0,0,0,0,79.51
2004,2,24,3,30,21.1,0,0,0,0,0,0,81.72
2004,2,24,4,30,20.900000000000002,0,0,0,0,0,0,83.08
2004,2,24,5,30,20.700000000000003,0,0,0,0,0,0,84.26
2004,2,24,6,30,20.6,0,0,0,0,0,0,84.62
2004,2,24,7,30,20.400000000000002,0,0,0,0,0,0,85.3
2004,2,24,8,30,20.200000000000003,0,0,0,0,0,0,85.7
2004,2,24,9,30,20,0,0,0,0,0,0,86.27
2004,2,24,10,30,19.900000000000002,0,0,0,0,0,0,86.38
2004,2,24,11,30,19.900000000000002,0,0,0,0,0,0,85.9
2004,2,24,12,30,19.900000000000002,0,0,0,0,0,0,85.25
2004,2,24,13,30,20.3,0,0,0,0,0,0,82.7
2004,2,24,14,30,20.8,595,185,50,0,40,40,79.48
2004,2,24,15,30,21.200000000000003,799,422,71,89,241,280,75.27
2004,2,24,16,30,21.6,897,637,81,282,315,490,71.58
2004,2,24,17,30,22,951,802,86,951,86,802,67.71000000000001
2004,2,24,18,30,22.3,980,902,87,980,87,902,64.8
2004,2,24,19,30,22.400000000000002,991,929,88,991,88,929,63.04
2004,2,24,20,30,22.5,983,877,86,983,86,877,61.29
2004,2,24,21,30,22.400000000000002,947,749,86,947,86,749,59.78
2004,2,24,22,30,22,888,561,77,888,77,561,59.160000000000004
2004,2,24,23,30,21.3,765,329,63,765,63,329,60.17
2004,2,25,0,30,20.5,452,91,35,452,35,91,63.07
2004,2,25,1,30,19.900000000000002,0,0,0,0,0,0,66.71000000000001
2004,2,25,2,30,19.5,0,0,0,0,0,0,68.97
2004,2,25,3,30,19.200000000000003,0,0,0,0,0,0,70.94
2004,2,25,4,30,18.900000000000002,0,0,0,0,0,0,72.9
2004,2,25,5,30,18.7,0,0,0,0,0,0,74.2
2004,2,25,6,30,18.6,0,0,0,0,0,0,74.76
2004,2,25,7,30,18.400000000000002,0,0,0,0,0,0,75.22
2004,2,25,8,30,18.2,0,0,0,0,0,0,75.06
2004,2,25,9,30,18,0,0,0,0,0,0,74.46000000000001
2004,2,25,10,30,17.8,0,0,0,0,0,0,73.85000000000001
2004,2,25,11,30,17.6,0,0,0,0,0,0,73.32000000000001
2004,2,25,12,30,17.6,0,0,0,0,0,0,71.89
2004,2,25,13,30,18.2,0,0,0,0,0,0,67.76
2004,2,25,14,30,19.5,665,200,48,665,48,200,60.81
2004,2,25,15,30,20.8,858,446,66,858,66,446,54.63
2004,2,25,16,30,21.900000000000002,949,668,76,949,76,668,49.06
2004,2,25,17,30,22.700000000000003,995,835,82,995,82,835,46.11
2004,2,25,18,30,23.1,1017,934,84,1017,84,934,45.07
2004,2,25,19,30,23.400000000000002,1027,960,84,1027,84,960,44.43
2004,2,25,20,30,23.400000000000002,1016,903,83,1016,83,903,44.58
2004,2,25,21,30,23.3,988,772,77,988,77,772,44.94
2004,2,25,22,30,22.900000000000002,930,579,70,930,70,579,46.2
2004,2,25,23,30,22.200000000000003,810,342,58,810,58,342,48.730000000000004
2004,2,26,0,30,21.1,510,97,33,510,33,97,54.14
2004,2,26,1,30,20.400000000000002,0,0,0,0,0,0,59.01
2004,2,26,2,30,20,0,0,0,0,0,0,61.86
2004,2,26,3,30,19.700000000000003,0,0,0,0,0,0,64.19
2004,2,26,4,30,19.6,0,0,0,0,0,0,65.4
2004,2,26,5,30,19.5,0,0,0,0,0,0,66.56
2004,2,26,6,30,19.200000000000003,0,0,0,0,0,0,67.94
2004,2,26,7,30,18.900000000000002,0,0,0,0,0,0,69.10000000000001
2004,2,26,8,30,18.6,0,0,0,0,0,0,70.34
2004,2,26,9,30,18.3,0,0,0,0,0,0,70.56
2004,2,26,10,30,18,0,0,0,0,0,0,68.97
2004,2,26,11,30,17.7,0,0,0,0,0,0,66.83
2004,2,26,12,30,17.400000000000002,0,0,0,0,0,0,64.09
2004,2,26,13,30,18,0,0,0,0,0,0,58.56
2004,2,26,14,30,19.400000000000002,685,206,47,685,47,206,51.1
2004,2,26,15,30,21.5,871,453,65,871,65,453,43.480000000000004
2004,2,26,16,30,23.6,955,673,75,296,330,515,36.56
2004,2,26,17,30,24.8,994,836,80,994,80,836,33.8
2004,2,26,18,30,25,1010,934,87,1010,87,934,36.72
2004,2,26,19,30,24.900000000000002,1010,951,88,1010,88,951,41.17
2004,2,26,20,30,24.5,992,891,87,992,87,891,45.800000000000004
2004,2,26,21,30,24.1,954,760,86,954,86,760,49.64
2004,2,26,22,30,23.700000000000003,890,568,79,890,79,568,52.49
2004,2,26,23,30,22.900000000000002,761,333,64,761,64,333,56.57
2004,2,27,0,30,21.900000000000002,455,94,36,455,36,94,63.5
2004,2,27,1,30,21.1,0,0,0,0,0,0,69.65
2004,2,27,2,30,20.8,0,0,0,0,0,0,72.59
2004,2,27,3,30,20.6,0,0,0,0,0,0,74.29
2004,2,27,4,30,20.400000000000002,0,0,0,0,0,0,74.75
2004,2,27,5,30,20.200000000000003,0,0,0,0,0,0,74.3
2004,2,27,6,30,19.900000000000002,0,0,0,0,0,0,74.11
2004,2,27,7,30,19.8,0,0,0,0,0,0,73.21000000000001
2004,2,27,8,30,19.700000000000003,0,0,0,0,0,0,72.68
2004,2,27,9,30,19.8,0,0,0,0,0,0,71.17
2004,2,27,10,30,19.900000000000002,0,0,0,0,0,0,69.76
2004,2,27,11,30,20,0,0,0,0,0,0,68.91
2004,2,27,12,30,20.1,0,0,0,0,0,0,68.08
2004,2,27,13,30,20.6,0,0,0,0,0,0,65.89
2004,2,27,14,30,21.5,580,194,57,580,57,194,63.410000000000004
2004,2,27,15,30,22.5,783,432,80,83,248,285,60.67
2004,2,27,16,30,23.5,875,645,93,216,339,475,57.050000000000004
2004,2,27,17,30,24.200000000000003,924,808,102,924,102,808,55.49
2004,2,27,18,30,24.5,899,891,134,899,134,891,56.11
2004,2,27,19,30,24.5,904,912,136,904,136,912,57.76
2004,2,27,20,30,24.400000000000002,891,857,132,891,132,857,59.63
2004,2,27,21,30,24.200000000000003,855,730,123,855,123,730,61.47
2004,2,27,22,30,23.900000000000002,784,542,109,784,109,542,63.32
2004,2,27,23,30,23.3,635,315,89,635,89,315,66.44
2004,2,28,0,30,22.6,292,86,48,292,48,86,70.60000000000001
2004,2,28,1,30,22.1,0,0,0,0,0,0,74.33
2004,2,28,2,30,21.8,0,0,0,0,0,0,76.26
2004,2,28,3,30,21.5,0,0,0,0,0,0,77.7
2004,2,28,4,30,21.200000000000003,0,0,0,0,0,0,78.75
2004,2,28,5,30,21.1,0,0,0,0,0,0,77.92
2004,2,28,6,30,20.900000000000002,0,0,0,0,0,0,77.34
2004,2,28,7,30,20.8,0,0,0,0,0,0,76.52
2004,2,28,8,30,20.8,0,0,0,0,0,0,75.69
2004,2,28,9,30,20.900000000000002,0,0,0,0,0,0,74.72
2004,2,28,10,30,21,0,0,0,0,0,0,73.97
2004,2,28,11,30,21.1,0,0,0,0,0,0,73.68
2004,2,28,12,30,21.200000000000003,0,0,0,0,0,0,73.57000000000001
2004,2,28,13,30,21.6,0,0,0,0,0,0,72.5
2004,2,28,14,30,22,468,187,75,6,71,72,71.52
2004,2,28,15,30,22.400000000000002,689,419,106,255,214,330,70.57000000000001
2004,2,28,16,30,22.8,800,630,123,446,228,511,69.05
2004,2,28,17,30,23.1,862,792,131,571,220,658,67.42
2004,2,28,18,30,23.3,900,892,131,196,396,563,66.04
2004,2,28,19,30,23.400000000000002,919,917,125,431,343,715,65.2
2004,2,28,20,30,23.400000000000002,918,866,116,601,234,725,64.66
2004,2,28,21,30,23.400000000000002,896,742,104,560,209,608,64.23
2004,2,28,22,30,23.3,837,556,91,216,264,384,64.63
2004,2,28,23,30,23.1,708,327,74,35,166,178,65.8
2004,3,1,0,30,22.1,419,98,41,419,41,98,64.83
2004,3,1,1,30,21.5,0,0,0,0,0,0,68.60000000000001
2004,3,1,2,30,21,0,0,0,0,0,0,71.12
2004,3,1,3,30,20.700000000000003,0,0,0,0,0,0,72.62
2004,3,1,4,30,20.400000000000002,0,0,0,0,0,0,74.23
2004,3,1,5,30,20.200000000000003,0,0,0,0,0,0,75.48
2004,3,1,6,30,20,0,0,0,0,0,0,76.53
2004,3,1,7,30,19.900000000000002,0,0,0,0,0,0,76.86
2004,3,1,8,30,19.8,0,0,0,0,0,0,77
2004,3,1,9,30,19.700000000000003,0,0,0,0,0,0,76.98
2004,3,1,10,30,19.6,0,0,0,0,0,0,76.39
2004,3,1,11,30,19.5,0,0,0,0,0,0,75.35000000000001
2004,3,1,12,30,19.5,0,0,0,0,0,0,73.52
2004,3,1,13,30,20.200000000000003,0,0,0,0,0,0,68.87
2004,3,1,14,30,21.400000000000002,617,210,58,2,93,94,63.190000000000005
2004,3,1,15,30,22.5,818,455,78,272,234,359,60.980000000000004
2004,3,1,16,30,23.200000000000003,912,673,88,192,355,478,59.870000000000005
2004,3,1,17,30,23.900000000000002,962,839,93,962,93,839,58.24
2004,3,1,18,30,24.200000000000003,980,935,99,980,99,935,57.910000000000004
2004,3,1,19,30,24.400000000000002,991,959,98,991,98,959,57.870000000000005
2004,3,1,20,30,24.3,980,901,94,980,94,901,58.83
2004,3,1,21,30,24,956,772,86,956,86,772,60.5
2004,3,1,22,30,23.6,897,579,77,897,77,579,62.27
2004,3,1,23,30,22.900000000000002,778,344,63,778,63,344,64.99
2004,3,2,0,30,22.1,481,102,37,481,37,102,68.77
2004,3,2,1,30,21.400000000000002,0,0,0,0,0,0,72.86
2004,3,2,2,30,21,0,0,0,0,0,0,74.58
2004,3,2,3,30,20.700000000000003,0,0,0,0,0,0,75.63
2004,3,2,4,30,20.400000000000002,0,0,0,0,0,0,76.34
2004,3,2,5,30,20.3,0,0,0,0,0,0,75.78
2004,3,2,6,30,20.200000000000003,0,0,0,0,0,0,74.87
2004,3,2,7,30,20.1,0,0,0,0,0,0,74.07000000000001
2004,3,2,8,30,20,0,0,0,0,0,0,73.36
2004,3,2,9,30,20,0,0,0,0,0,0,71.97
2004,3,2,10,30,20.1,0,0,0,0,0,0,70.11
2004,3,2,11,30,20.200000000000003,0,0,0,0,0,0,68.7
2004,3,2,12,30,20.3,0,0,0,0,0,0,67.56
2004,3,2,13,30,20.8,96,13,11,0,6,6,65.66
2004,3,2,14,30,21.6,633,213,55,47,115,127,63.4
2004,3,2,15,30,22.400000000000002,817,455,76,450,158,367,61.68
2004,3,2,16,30,23.3,904,670,87,227,347,493,59.410000000000004
2004,3,2,17,30,23.900000000000002,951,833,93,951,93,833,58.230000000000004
2004,3,2,18,30,24.200000000000003,971,928,98,508,365,800,58.4
2004,3,2,19,30,24.200000000000003,978,951,98,795,147,840,58.9
2004,3,2,20,30,24.1,968,894,95,968,95,894,59.54
2004,3,2,21,30,23.700000000000003,924,760,94,727,184,707,61.15
2004,3,2,22,30,23.200000000000003,860,569,85,383,261,476,62.89
2004,3,2,23,30,22.6,733,337,70,733,70,337,64.64
2004,3,3,0,30,21.8,423,99,41,18,63,66,67.51
2004,3,3,1,30,21.200000000000003,0,0,0,0,0,0,70.11
2004,3,3,2,30,20.900000000000002,0,0,0,0,0,0,70.61
2004,3,3,3,30,20.6,0,0,0,0,0,0,71.01
2004,3,3,4,30,20.400000000000002,0,0,0,0,0,0,72.05
2004,3,3,5,30,20.3,0,0,0,0,0,0,73.44
2004,3,3,6,30,20.3,0,0,0,0,0,0,74.25
2004,3,3,7,30,20.200000000000003,0,0,0,0,0,0,75.5
2004,3,3,8,30,20.1,0,0,0,0,0,0,76.67
2004,3,3,9,30,20,0,0,0,0,0,0,77.28
2004,3,3,10,30,20,0,0,0,0,0,0,76.41
2004,3,3,11,30,19.900000000000002,0,0,0,0,0,0,75.89
2004,3,3,12,30,20,0,0,0,0,0,0,74.89
2004,3,3,13,30,20.3,71,14,12,0,4,4,73.60000000000001
2004,3,3,14,30,21,582,209,62,16,100,104,71.05
2004,3,3,15,30,21.6,776,448,85,1,148,148,69.10000000000001
2004,3,3,16,30,22.200000000000003,871,660,95,871,95,660,66.85
2004,3,3,17,30,22.6,923,820,99,526,244,656,65.28
2004,3,3,18,30,22.900000000000002,955,917,96,955,96,917,64.5
2004,3,3,19,30,23,958,935,96,288,448,700,64.62
2004,3,3,20,30,23,945,878,95,0,205,205,64.85
2004,3,3,21,30,22.900000000000002,880,741,105,0,161,161,64.97
2004,3,3,22,30,22.700000000000003,820,555,92,0,83,83,65.19
2004,3,3,23,30,22.3,700,328,72,132,193,241,66.57000000000001
2004,3,4,0,30,21.900000000000002,409,97,41,13,57,59,68.58
2004,3,4,1,30,21.6,0,0,0,0,0,0,71.05
2004,3,4,2,30,21.400000000000002,0,0,0,0,0,0,72.67
2004,3,4,3,30,21.200000000000003,0,0,0,0,0,0,73.92
2004,3,4,4,30,20.900000000000002,0,0,0,0,0,0,75.64
2004,3,4,5,30,20.700000000000003,0,0,0,0,0,0,76.67
2004,3,4,6,30,20.5,0,0,0,0,0,0,77.54
2004,3,4,7,30,20.3,0,0,0,0,0,0,78.71000000000001
2004,3,4,8,30,20.1,0,0,0,0,0,0,79.74
2004,3,4,9,30,20,0,0,0,0,0,0,80.08
2004,3,4,10,30,19.900000000000002,0,0,0,0,0,0,80.48
2004,3,4,11,30,19.900000000000002,0,0,0,0,0,0,80.29
2004,3,4,12,30,20,0,0,0,0,0,0,79.3
2004,3,4,13,30,20.3,111,16,13,0,3,3,77.49
2004,3,4,14,30,20.900000000000002,621,215,56,27,131,138,74.26
2004,3,4,15,30,21.6,804,454,75,1,140,140,70.24
2004,3,4,16,30,22.3,892,668,86,0,160,160,66.63
2004,3,4,17,30,22.900000000000002,941,832,92,13,348,358,63.61
2004,3,4,18,30,23.3,968,929,94,968,94,929,61.4
2004,3,4,19,30,23.5,985,955,90,985,90,955,59.660000000000004
2004,3,4,20,30,23.6,982,901,84,982,84,901,58.2
2004,3,4,21,30,23.6,952,774,83,952,83,774,57.65
2004,3,4,22,30,23.3,901,585,74,654,134,504,58.59
2004,3,4,23,30,22.700000000000003,791,350,60,243,173,262,60.93
2004,3,5,0,30,21.900000000000002,514,109,36,97,73,87,64.99
2004,3,5,1,30,21.200000000000003,0,0,0,0,0,0,69.79
2004,3,5,2,30,20.700000000000003,0,0,0,0,0,0,73.04
2004,3,5,3,30,20.400000000000002,0,0,0,0,0,0,74.74
2004,3,5,4,30,20,0,0,0,0,0,0,76.27
2004,3,5,5,30,19.700000000000003,0,0,0,0,0,0,77.28
2004,3,5,6,30,19.400000000000002,0,0,0,0,0,0,78.18
2004,3,5,7,30,19.3,0,0,0,0,0,0,78
2004,3,5,8,30,19.200000000000003,0,0,0,0,0,0,77.71000000000001
2004,3,5,9,30,19.1,0,0,0,0,0,0,77.8
2004,3,5,10,30,19.1,0,0,0,0,0,0,77.65
2004,3,5,11,30,19.1,0,0,0,0,0,0,77.54
2004,3,5,12,30,19.200000000000003,0,0,0,0,0,0,76.89
2004,3,5,13,30,19.8,157,19,14,1,12,12,73.82000000000001
2004,3,5,14,30,20.700000000000003,680,230,53,108,139,167,69.47
2004,3,5,15,30,21.5,854,475,69,854,69,475,65.31
2004,3,5,16,30,22.3,940,694,78,420,300,575,59.800000000000004
2004,3,5,17,30,22.900000000000002,984,858,82,418,371,701,55.29
2004,3,5,18,30,23.3,1007,957,85,1007,85,957,52.46
2004,3,5,19,30,23.5,1012,976,85,584,345,860,50.58
2004,3,5,20,30,23.5,1004,921,83,1004,83,921,50.050000000000004
2004,3,5,21,30,23.400000000000002,971,788,81,971,81,788,50.92
2004,3,5,22,30,23,912,593,74,392,266,489,53.42
2004,3,5,23,30,22.400000000000002,794,356,62,242,188,277,57.11
2004,3,6,0,30,21.700000000000003,502,110,38,19,73,76,61.910000000000004
2004,3,6,1,30,21.3,0,0,0,0,0,0,64.87
2004,3,6,2,30,21.1,0,0,0,0,0,0,66.23
2004,3,6,3,30,20.900000000000002,0,0,0,0,0,0,66.95
2004,3,6,4,30,20.8,0,0,0,0,0,0,67.33
2004,3,6,5,30,20.700000000000003,0,0,0,0,0,0,68.03
2004,3,6,6,30,20.5,0,0,0,0,0,0,69.09
2004,3,6,7,30,20.5,0,0,0,0,0,0,68.99
2004,3,6,8,30,20.5,0,0,0,0,0,0,68.49
2004,3,6,9,30,20.5,0,0,0,0,0,0,67.69
2004,3,6,10,30,20.5,0,0,0,0,0,0,67.22
2004,3,6,11,30,20.5,0,0,0,0,0,0,66.85
2004,3,6,12,30,20.5,0,0,0,0,0,0,66.59
2004,3,6,13,30,20.900000000000002,186,21,15,2,14,14,65.48
2004,3,6,14,30,21.700000000000003,694,235,52,97,143,169,62.61
2004,3,6,15,30,22.8,863,480,67,252,246,366,58.58
2004,3,6,16,30,24,940,695,75,940,75,695,55.03
2004,3,6,17,30,24.8,982,858,80,982,80,858,53.75
2004,3,6,18,30,25.200000000000003,996,953,87,996,87,953,53.95
2004,3,6,19,30,25.5,1001,972,86,1001,86,972,54.370000000000005
2004,3,6,20,30,25.6,993,913,82,993,82,913,55.07
2004,3,6,21,30,25.5,965,782,78,965,78,782,55.69
2004,3,6,22,30,25.200000000000003,911,590,69,911,69,590,56.49
2004,3,6,23,30,24.5,803,356,57,803,57,356,58.86
2004,3,7,0,30,23.5,538,113,35,538,35,113,64.56
2004,3,7,1,30,22.700000000000003,0,0,0,0,0,0,69.74
2004,3,7,2,30,22.200000000000003,0,0,0,0,0,0,72.44
2004,3,7,3,30,22,0,0,0,0,0,0,73.66
2004,3,7,4,30,21.8,0,0,0,0,0,0,74.95
2004,3,7,5,30,21.6,0,0,0,0,0,0,76.42
2004,3,7,6,30,21.400000000000002,0,0,0,0,0,0,77.93
2004,3,7,7,30,21.200000000000003,0,0,0,0,0,0,78.98
2004,3,7,8,30,21.200000000000003,0,0,0,0,0,0,78.29
2004,3,7,9,30,21.3,0,0,0,0,0,0,76.60000000000001
2004,3,7,10,30,21.5,0,0,0,0,0,0,74.39
2004,3,7,11,30,21.6,0,0,0,0,0,0,73.22
2004,3,7,12,30,21.8,0,0,0,0,0,0,71.98
2004,3,7,13,30,22.400000000000002,195,22,15,0,11,11,69.57000000000001
2004,3,7,14,30,23.400000000000002,666,229,51,141,118,156,66.19
2004,3,7,15,30,24.5,825,466,68,210,244,345,61.52
2004,3,7,16,30,25.3,899,674,78,313,318,526,59.7
2004,3,7,17,30,25.900000000000002,938,833,86,483,327,711,60.54
2004,3,7,18,30,26.400000000000002,924,916,109,456,379,777,59.32
2004,3,7,19,30,26.8,927,934,111,470,380,797,58.67
2004,3,7,20,30,26.700000000000003,910,874,109,459,362,747,59.660000000000004
2004,3,7,21,30,26.5,875,745,104,875,104,745,60.800000000000004
2004,3,7,22,30,26,808,558,94,808,94,558,63.04
2004,3,7,23,30,25.3,679,331,77,161,193,253,66.11
2004,3,8,0,30,24.400000000000002,386,101,44,6,67,68,70.78
2004,3,8,1,30,23.700000000000003,0,0,0,0,0,0,76.3
2004,3,8,2,30,23.3,0,0,0,0,0,0,79.48
2004,3,8,3,30,23.1,0,0,0,0,0,0,80.95
2004,3,8,4,30,22.8,0,0,0,0,0,0,82.62
2004,3,8,5,30,22.5,0,0,0,0,0,0,84.02
2004,3,8,6,30,22.200000000000003,0,0,0,0,0,0,85.76
2004,3,8,7,30,22.1,0,0,0,0,0,0,86.52
2004,3,8,8,30,22.1,0,0,0,0,0,0,85.93
2004,3,8,9,30,22.200000000000003,0,0,0,0,0,0,83.79
2004,3,8,10,30,22.200000000000003,0,0,0,0,0,0,82.5
2004,3,8,11,30,22.1,0,0,0,0,0,0,82.36
2004,3,8,12,30,22.200000000000003,0,0,0,0,0,0,81.73
2004,3,8,13,30,22.8,84,20,16,84,16,20,79.08
2004,3,8,14,30,24.1,524,216,74,2,96,97,73.18
2004,3,8,15,30,25.700000000000003,717,449,101,22,211,222,67.49
2004,3,8,16,30,27.3,817,660,115,261,340,514,61.33
2004,3,8,17,30,28.200000000000003,870,819,124,870,124,819,56.36
2004,3,8,18,30,28.6,912,916,117,912,117,916,54.77
2004,3,8,19,30,28.700000000000003,917,934,117,917,117,934,54.13
2004,3,8,20,30,28.5,903,876,115,903,115,876,54.67
2004,3,8,21,30,28.1,852,743,117,852,117,743,56.29
2004,3,8,22,30,27.400000000000002,781,555,105,781,105,555,59.17
2004,3,8,23,30,26.400000000000002,647,328,86,647,86,328,63.4
2004,3,9,0,30,25.3,349,99,48,349,48,99,68.98
2004,3,9,1,30,24.5,0,0,0,0,0,0,74.59
2004,3,9,2,30,24,0,0,0,0,0,0,78.55
2004,3,9,3,30,23.700000000000003,0,0,0,0,0,0,81.88
2004,3,9,4,30,23.5,0,0,0,0,0,0,84.81
2004,3,9,5,30,23.5,0,0,0,0,0,0,86.07000000000001
2004,3,9,6,30,23.3,0,0,0,0,0,0,87.87
2004,3,9,7,30,23.200000000000003,0,0,0,0,0,0,88.52
2004,3,9,8,30,23,0,0,0,0,0,0,89.36
2004,3,9,9,30,22.900000000000002,0,0,0,0,0,0,89.51
2004,3,9,10,30,22.8,0,0,0,0,0,0,89.64
2004,3,9,11,30,22.700000000000003,0,0,0,0,0,0,89.86
2004,3,9,12,30,22.8,0,0,0,0,0,0,88.9
2004,3,9,13,30,23.400000000000002,101,22,17,101,17,22,85.14
2004,3,9,14,30,24.8,543,220,71,543,71,220,77.05
2004,3,9,15,30,26.400000000000002,729,453,96,729,96,453,65.8
2004,3,9,16,30,27.6,822,661,110,822,110,661,58.06
2004,3,9,17,30,28.3,872,818,118,872,118,818,55.06
2004,3,9,18,30,28.5,893,909,124,893,124,909,54.83
2004,3,9,19,30,28.5,898,926,124,898,124,926,55.29
2004,3,9,20,30,28.200000000000003,886,869,120,886,120,869,56.550000000000004
2004,3,9,21,30,27.700000000000003,818,733,130,818,130,733,58.410000000000004
2004,3,9,22,30,27,749,549,116,749,116,549,61.33
2004,3,9,23,30,26.200000000000003,613,324,93,613,93,324,65.04
2004,3,10,0,30,25.3,316,98,51,6,70,71,69.65
2004,3,10,1,30,24.5,0,0,0,0,0,0,74.72
2004,3,10,2,30,24.1,0,0,0,0,0,0,77.78
2004,3,10,3,30,23.700000000000003,0,0,0,0,0,0,81.11
2004,3,10,4,30,23.5,0,0,0,0,0,0,84.10000000000001
2004,3,10,5,30,23.200000000000003,0,0,0,0,0,0,87.59
2004,3,10,6,30,23.1,0,0,0,0,0,0,89.4
2004,3,10,7,30,23,0,0,0,0,0,0,90.73
2004,3,10,8,30,22.900000000000002,0,0,0,0,0,0,91.62
2004,3,10,9,30,22.900000000000002,0,0,0,0,0,0,91.83
2004,3,10,10,30,22.8,0,0,0,0,0,0,92.55
2004,3,10,11,30,22.8,0,0,0,0,0,0,92.44
2004,3,10,12,30,22.900000000000002,0,0,0,0,0,0,91.36
2004,3,10,13,30,23.400000000000002,54,20,18,54,18,20,87.97
2004,3,10,14,30,24.400000000000002,438,213,91,438,91,213,80.41
2004,3,10,15,30,25.3,634,440,127,4,181,183,72.94
2004,3,10,16,30,26,737,645,148,133,367,457,68.88
2004,3,10,17,30,26.5,791,799,161,205,433,599,66.8
2004,3,10,18,30,26.700000000000003,850,897,147,850,147,897,66.44
2004,3,10,19,30,26.700000000000003,852,913,150,852,150,913,67
2004,3,10,20,30,26.5,835,855,147,835,147,855,68.3
2004,3,10,21,30,26.3,792,728,142,792,142,728,68.89
2004,3,10,22,30,25.900000000000002,721,544,126,721,126,544,69.79
2004,3,10,23,30,25.3,588,323,100,588,100,323,71.51
2004,3,11,0,30,24.700000000000003,302,99,53,302,53,99,73.72
2004,3,11,1,30,24.200000000000003,0,0,0,0,0,0,76.05
2004,3,11,2,30,23.8,0,0,0,0,0,0,77.76
2004,3,11,3,30,23.5,0,0,0,0,0,0,79.74
2004,3,11,4,30,23.200000000000003,0,0,0,0,0,0,81.99
2004,3,11,5,30,23,0,0,0,0,0,0,83.67
2004,3,11,6,30,22.8,0,0,0,0,0,0,85.04
2004,3,11,7,30,22.6,0,0,0,0,0,0,86.4
2004,3,11,8,30,22.400000000000002,0,0,0,0,0,0,87.77
2004,3,11,9,30,22.1,0,0,0,0,0,0,89.04
2004,3,11,10,30,21.900000000000002,0,0,0,0,0,0,89.26
2004,3,11,11,30,21.700000000000003,0,0,0,0,0,0,89.45
2004,3,11,12,30,21.8,0,0,0,0,0,0,87.95
2004,3,11,13,30,22.5,105,25,20,105,20,25,83.37
2004,3,11,14,30,23.8,541,230,77,9,134,136,76.27
2004,3,11,15,30,24.900000000000002,726,466,105,726,105,466,69.93
2004,3,11,16,30,25.6,816,675,123,2,244,245,64.79
2004,3,11,17,30,26.1,861,833,136,322,411,671,61.34
2004,3,11,18,30,26.200000000000003,867,921,154,14,324,337,60.39
2004,3,11,19,30,26.200000000000003,873,939,154,215,410,603,59.89
2004,3,11,20,30,26.200000000000003,867,884,146,867,146,884,59.32
2004,3,11,21,30,26,791,745,158,791,158,745,59.410000000000004
2004,3,11,22,30,25.5,719,557,139,719,139,557,61.22
2004,3,11,23,30,24.8,578,330,110,578,110,330,64.38
2004,3,12,0,30,23.900000000000002,294,102,57,294,57,102,69.43
2004,3,12,1,30,23.200000000000003,0,0,0,0,0,0,75.52
2004,3,12,2,30,22.700000000000003,0,0,0,0,0,0,79.84
2004,3,12,3,30,22.400000000000002,0,0,0,0,0,0,82.25
2004,3,12,4,30,22.1,0,0,0,0,0,0,83.94
2004,3,12,5,30,21.900000000000002,0,0,0,0,0,0,84.52
2004,3,12,6,30,21.8,0,0,0,0,0,0,84.11
2004,3,12,7,30,21.700000000000003,0,0,0,0,0,0,83.92
2004,3,12,8,30,21.6,0,0,0,0,0,0,83.81
2004,3,12,9,30,21.5,0,0,0,0,0,0,83.3
2004,3,12,10,30,21.400000000000002,0,0,0,0,0,0,82.76
2004,3,12,11,30,21.3,0,0,0,0,0,0,82.36
2004,3,12,12,30,21.400000000000002,0,0,0,0,0,0,80.74
2004,3,12,13,30,22,107,28,22,0,18,18,76.91
2004,3,12,14,30,23.1,542,234,79,75,155,177,72.48
2004,3,12,15,30,24.200000000000003,739,475,104,739,104,475,67.28
2004,3,12,16,30,25.1,839,688,117,839,117,688,61.09
2004,3,12,17,30,25.900000000000002,897,851,121,897,121,851,56.68
2004,3,12,18,30,26.200000000000003,939,948,114,939,114,948,55.76
2004,3,12,19,30,26.400000000000002,951,969,111,951,111,969,55.31
2004,3,12,20,30,26.3,944,911,106,944,106,911,55.72
2004,3,12,21,30,26.1,915,780,98,915,98,780,56.58
2004,3,12,22,30,25.6,856,588,88,856,88,588,58.81
2004,3,12,23,30,24.900000000000002,738,354,72,738,72,354,61.980000000000004
2004,3,13,0,30,24,461,114,43,461,43,114,66.69
2004,3,13,1,30,23.3,0,0,0,0,0,0,71.57000000000001
2004,3,13,2,30,22.900000000000002,0,0,0,0,0,0,74.24
2004,3,13,3,30,22.6,0,0,0,0,0,0,75.33
2004,3,13,4,30,22.5,0,0,0,0,0,0,75.06
2004,3,13,5,30,22.400000000000002,0,0,0,0,0,0,74.82000000000001
2004,3,13,6,30,22.3,0,0,0,0,0,0,74.9
2004,3,13,7,30,22.1,0,0,0,0,0,0,75.89
2004,3,13,8,30,21.900000000000002,0,0,0,0,0,0,77.09
2004,3,13,9,30,21.700000000000003,0,0,0,0,0,0,77.99
2004,3,13,10,30,21.5,0,0,0,0,0,0,78.22
2004,3,13,11,30,21.400000000000002,0,0,0,0,0,0,77.66
2004,3,13,12,30,21.400000000000002,0,0,0,0,0,0,76.49
2004,3,13,13,30,22.1,209,33,21,209,21,33,72.61
2004,3,13,14,30,23.200000000000003,653,251,62,653,62,251,68.07000000000001
2004,3,13,15,30,24.5,820,494,80,820,80,494,60.94
2004,3,13,16,30,25.6,902,707,90,902,90,707,52.83
2004,3,13,17,30,26.3,948,869,95,948,95,869,50.21
2004,3,13,18,30,26.700000000000003,971,963,96,971,96,963,49.5
2004,3,13,19,30,26.900000000000002,978,982,96,978,96,982,48.370000000000005
2004,3,13,20,30,27,970,924,94,970,94,924,47.53
2004,3,13,21,30,26.8,940,790,88,940,88,790,47.54
2004,3,13,22,30,26.400000000000002,883,597,79,883,79,597,48.34
2004,3,13,23,30,25.8,774,363,66,774,66,363,50.410000000000004
2004,3,14,0,30,24.8,510,119,40,510,40,119,54.15
2004,3,14,1,30,24,0,0,0,0,0,0,59.6
2004,3,14,2,30,23.5,0,0,0,0,0,0,63.71
2004,3,14,3,30,23.1,0,0,0,0,0,0,65.91
2004,3,14,4,30,22.900000000000002,0,0,0,0,0,0,66.71000000000001
2004,3,14,5,30,22.700000000000003,0,0,0,0,0,0,67.26
2004,3,14,6,30,22.5,0,0,0,0,0,0,67.58
2004,3,14,7,30,22.400000000000002,0,0,0,0,0,0,67.37
2004,3,14,8,30,22.3,0,0,0,0,0,0,67.25
2004,3,14,9,30,22.200000000000003,0,0,0,0,0,0,67.19
2004,3,14,10,30,22,0,0,0,0,0,0,67.36
2004,3,14,11,30,21.8,0,0,0,0,0,0,67.38
2004,3,14,12,30,21.900000000000002,0,0,0,0,0,0,65.91
2004,3,14,13,30,22.900000000000002,288,38,21,288,21,38,61.25
2004,3,14,14,30,24.5,708,263,55,708,55,263,54.75
2004,3,14,15,30,25.6,858,507,71,858,71,507,52.25
2004,3,14,16,30,26.400000000000002,931,721,80,931,80,721,48.86
2004,3,14,17,30,26.900000000000002,974,884,85,508,343,760,47.45
2004,3,14,18,30,27.200000000000003,986,975,92,558,354,853,47.13
2004,3,14,19,30,27.3,990,991,92,990,92,991,47.03
2004,3,14,20,30,27.200000000000003,982,932,90,982,90,932,46.86
2004,3,14,21,30,26.900000000000002,956,799,83,956,83,799,47.12
2004,3,14,22,30,26.400000000000002,901,605,75,901,75,605,48.550000000000004
2004,3,14,23,30,25.6,794,368,62,794,62,368,51.480000000000004
2004,3,15,0,30,24.6,539,123,38,539,38,123,55.82
2004,3,15,1,30,23.700000000000003,0,0,0,0,0,0,61.99
2004,3,15,2,30,23.200000000000003,0,0,0,0,0,0,66.52
2004,3,15,3,30,22.8,0,0,0,0,0,0,69.95
2004,3,15,4,30,22.5,0,0,0,0,0,0,71.81
2004,3,15,5,30,22.200000000000003,0,0,0,0,0,0,72.22
2004,3,15,6,30,22.1,0,0,0,0,0,0,71.18
2004,3,15,7,30,21.8,0,0,0,0,0,0,72.06
2004,3,15,8,30,21.6,0,0,0,0,0,0,72.58
2004,3,15,9,30,21.3,0,0,0,0,0,0,73.58
2004,3,15,10,30,21.1,0,0,0,0,0,0,73.73
2004,3,15,11,30,21,0,0,0,0,0,0,73.39
2004,3,15,12,30,21,0,0,0,0,0,0,72.27
2004,3,15,13,30,21.700000000000003,287,40,22,1,26,26,68.39
2004,3,15,14,30,22.8,716,269,56,716,56,269,64.07000000000001
2004,3,15,15,30,23.8,869,517,72,869,72,517,59.6
2004,3,15,16,30,24.700000000000003,944,734,81,390,331,601,54.53
2004,3,15,17,30,25.3,985,897,86,450,376,746,52.4
2004,3,15,18,30,25.700000000000003,998,991,95,674,243,849,51.68
2004,3,15,19,30,25.900000000000002,1002,1007,95,1002,95,1007,51.43
2004,3,15,20,30,25.900000000000002,989,945,94,732,172,802,51.92
2004,3,15,21,30,25.8,950,807,94,950,94,807,52.26
2004,3,15,22,30,25.6,891,610,85,479,218,501,52.42
2004,3,15,23,30,25.1,777,371,70,499,125,319,53.49
2004,3,16,0,30,24.3,504,123,43,51,82,90,56.370000000000005
2004,3,16,1,30,23.5,0,0,0,0,0,0,61.13
2004,3,16,2,30,23,0,0,0,0,0,0,64.51
2004,3,16,3,30,22.700000000000003,0,0,0,0,0,0,67.09
2004,3,16,4,30,22.5,0,0,0,0,0,0,68.97
2004,3,16,5,30,22.3,0,0,0,0,0,0,70.43
2004,3,16,6,30,22,0,0,0,0,0,0,72.35000000000001
2004,3,16,7,30,21.700000000000003,0,0,0,0,0,0,74.72
2004,3,16,8,30,21.5,0,0,0,0,0,0,76.18
2004,3,16,9,30,21.3,0,0,0,0,0,0,76.98
2004,3,16,10,30,21.1,0,0,0,0,0,0,77.26
2004,3,16,11,30,20.900000000000002,0,0,0,0,0,0,76.74
2004,3,16,12,30,20.900000000000002,0,0,0,0,0,0,75.08
2004,3,16,13,30,21.400000000000002,268,41,24,4,28,29,70.99
2004,3,16,14,30,22.5,695,269,60,82,143,167,64.52
2004,3,16,15,30,24.3,853,517,77,5,146,149,56.77
2004,3,16,16,30,26.200000000000003,933,735,86,173,328,448,50.14
2004,3,16,17,30,27.3,974,897,92,475,279,671,48.050000000000004
2004,3,16,18,30,27.700000000000003,995,992,96,796,145,863,47.5
2004,3,16,19,30,27.900000000000002,999,1008,96,831,123,881,48.35
2004,3,16,20,30,27.900000000000002,986,945,94,776,154,824,49.730000000000004
2004,3,16,21,30,27.5,930,802,102,465,341,691,52.07
2004,3,16,22,30,26.700000000000003,867,605,92,540,186,505,56.17
2004,3,16,23,30,25.700000000000003,740,365,77,370,152,296,61.64
2004,3,17,0,30,24.8,451,120,48,36,80,86,67.47
2004,3,17,1,30,24.3,0,0,0,0,0,0,71.25
2004,3,17,2,30,24,0,0,0,0,0,0,73.35000000000001
2004,3,17,3,30,23.700000000000003,0,0,0,0,0,0,74.63
2004,3,17,4,30,23.400000000000002,0,0,0,0,0,0,76.04
2004,3,17,5,30,23,0,0,0,0,0,0,78.88
2004,3,17,6,30,22.8,0,0,0,0,0,0,80.18
2004,3,17,7,30,22.700000000000003,0,0,0,0,0,0,80.64
2004,3,17,8,30,22.700000000000003,0,0,0,0,0,0,79.66
2004,3,17,9,30,22.700000000000003,0,0,0,0,0,0,77.81
2004,3,17,10,30,22.700000000000003,0,0,0,0,0,0,76.03
2004,3,17,11,30,22.5,0,0,0,0,0,0,76.17
2004,3,17,12,30,22.5,0,0,0,0,0,0,75.61
2004,3,17,13,30,23.1,212,42,27,4,31,32,72.10000000000001
2004,3,17,14,30,24.200000000000003,644,267,70,435,118,250,66.26
2004,3,17,15,30,25.6,817,513,89,291,236,388,60.18
2004,3,17,16,30,26.8,902,729,99,253,329,506,55.74
2004,3,17,17,30,27.6,948,890,104,403,329,664,53.13
2004,3,17,18,30,28,956,979,115,249,488,713,52.17
2004,3,17,19,30,28.1,961,995,114,126,437,552,52.47
2004,3,17,20,30,27.8,946,930,111,13,311,323,53.97
2004,3,17,21,30,27.400000000000002,916,795,104,374,308,591,55.68
2004,3,17,22,30,26.900000000000002,851,598,93,301,257,435,57.54
2004,3,17,23,30,26.3,732,363,77,159,185,247,59.910000000000004
2004,3,18,0,30,25.400000000000002,457,120,46,176,81,109,64.25
2004,3,18,1,30,24.6,0,0,0,0,0,0,69.74
2004,3,18,2,30,24.1,0,0,0,0,0,0,73.64
2004,3,18,3,30,23.700000000000003,0,0,0,0,0,0,76.33
2004,3,18,4,30,23.3,0,0,0,0,0,0,78.81
2004,3,18,5,30,23,0,0,0,0,0,0,80.71000000000001
2004,3,18,6,30,22.8,0,0,0,0,0,0,81.25
2004,3,18,7,30,22.700000000000003,0,0,0,0,0,0,80.62
2004,3,18,8,30,22.5,0,0,0,0,0,0,80.35000000000001
2004,3,18,9,30,22.5,0,0,0,0,0,0,79.08
2004,3,18,10,30,22.400000000000002,0,0,0,0,0,0,78.5
2004,3,18,11,30,22.3,0,0,0,0,0,0,77.59
2004,3,18,12,30,22.5,0,0,0,0,0,0,74.86
2004,3,18,13,30,23.5,256,46,27,256,27,46,68.52
2004,3,18,14,30,25.1,672,273,65,672,65,273,61.88
2004,3,18,15,30,26.6,831,518,83,831,83,518,55.56
2004,3,18,16,30,27.8,911,732,93,911,93,732,48.85
2004,3,18,17,30,28.400000000000002,957,895,98,957,98,895,46.6
2004,3,18,18,30,28.6,977,987,101,977,101,987,47.49
2004,3,18,19,30,28.6,981,1002,101,981,101,1002,48.52
2004,3,18,20,30,28.400000000000002,969,939,98,969,98,939,49.730000000000004
2004,3,18,21,30,28.1,934,802,95,934,95,802,51.08
2004,3,18,22,30,27.6,875,606,86,875,86,606,53.06
2004,3,18,23,30,26.900000000000002,758,369,72,758,72,369,55.870000000000005
2004,3,19,0,30,25.8,484,124,45,484,45,124,61.03
2004,3,19,1,30,24.8,0,0,0,0,0,0,67.59
2004,3,19,2,30,24.200000000000003,0,0,0,0,0,0,72.59
2004,3,19,3,30,23.700000000000003,0,0,0,0,0,0,76.36
2004,3,19,4,30,23.400000000000002,0,0,0,0,0,0,78.26
2004,3,19,5,30,23.1,0,0,0,0,0,0,79.59
2004,3,19,6,30,22.900000000000002,0,0,0,0,0,0,79.83
2004,3,19,7,30,22.8,0,0,0,0,0,0,79.58
2004,3,19,8,30,22.6,0,0,0,0,0,0,79.92
2004,3,19,9,30,22.400000000000002,0,0,0,0,0,0,80.31
2004,3,19,10,30,22.3,0,0,0,0,0,0,79.57000000000001
2004,3,19,11,30,22.3,0,0,0,0,0,0,77.49
2004,3,19,12,30,22.6,0,0,0,0,0,0,73.36
2004,3,19,13,30,23.5,299,49,26,299,26,49,67.08
2004,3,19,14,30,24.900000000000002,700,279,61,700,61,279,60.86
2004,3,19,15,30,26.5,851,524,76,851,76,524,54.67
2004,3,19,16,30,27.6,926,737,85,667,173,644,51.300000000000004
2004,3,19,17,30,28.200000000000003,964,897,91,720,182,784,51.5
2004,3,19,18,30,28.5,969,983,101,593,262,801,51.89
2004,3,19,19,30,28.5,973,997,101,715,197,855,52.83
2004,3,19,20,30,28.3,961,934,98,961,98,934,54.13
2004,3,19,21,30,27.900000000000002,930,799,93,930,93,799,55.83
2004,3,19,22,30,27.400000000000002,869,604,85,869,85,604,57.51
2004,3,19,23,30,26.6,754,368,71,419,141,305,60.75
2004,3,20,0,30,25.8,483,124,44,229,74,111,65.37
2004,3,20,1,30,25,0,0,0,0,0,0,71.22
2004,3,20,2,30,24.6,0,0,0,0,0,0,74.82000000000001
2004,3,20,3,30,24.200000000000003,0,0,0,0,0,0,77.99
2004,3,20,4,30,23.900000000000002,0,0,0,0,0,0,80.46000000000001
2004,3,20,5,30,23.6,0,0,0,0,0,0,83.22
2004,3,20,6,30,23.3,0,0,0,0,0,0,85.79
2004,3,20,7,30,23.200000000000003,0,0,0,0,0,0,86.78
2004,3,20,8,30,23.1,0,0,0,0,0,0,87.02
2004,3,20,9,30,23.1,0,0,0,0,0,0,86.05
2004,3,20,10,30,23.200000000000003,0,0,0,0,0,0,83.97
2004,3,20,11,30,23.400000000000002,0,0,0,0,0,0,81.34
2004,3,20,12,30,23.700000000000003,0,0,0,0,0,0,77.58
2004,3,20,13,30,24.400000000000002,266,50,28,0,19,19,72.17
2004,3,20,14,30,25.6,655,274,67,655,67,274,65.5
2004,3,20,15,30,26.900000000000002,808,513,85,0,44,44,60.38
2004,3,20,16,30,27.8,883,721,95,152,377,485,58.69
2004,3,20,17,30,28.200000000000003,925,877,101,925,101,877,58.61
2004,3,20,18,30,28.400000000000002,945,966,104,783,128,843,58.72
2004,3,20,19,30,28.5,951,980,102,786,172,897,58.800000000000004
2004,3,20,20,30,28.5,943,919,97,596,235,755,58.4
2004,3,20,21,30,28.400000000000002,891,782,104,600,200,657,58.1
2004,3,20,22,30,27.900000000000002,836,592,92,305,292,474,59.480000000000004
2004,3,20,23,30,27,722,360,75,291,186,301,62.96
2004,3,21,0,30,26,453,122,46,19,83,86,68.58
2004,3,21,1,30,25.1,0,0,0,0,0,0,75.09
2004,3,21,2,30,24.6,0,0,0,0,0,0,79.78
2004,3,21,3,30,24.400000000000002,0,0,0,0,0,0,82.4
2004,3,21,4,30,24.200000000000003,0,0,0,0,0,0,84.71000000000001
2004,3,21,5,30,24,0,0,0,0,0,0,86.57000000000001
2004,3,21,6,30,23.8,0,0,0,0,0,0,88.15
2004,3,21,7,30,23.6,0,0,0,0,0,0,89.69
2004,3,21,8,30,23.6,0,0,0,0,0,0,89.55
2004,3,21,9,30,23.5,0,0,0,0,0,0,89.27
2004,3,21,10,30,23.5,0,0,0,0,0,0,88.19
2004,3,21,11,30,23.400000000000002,0,0,0,0,0,0,87.79
2004,3,21,12,30,23.5,0,0,0,0,0,0,86.41
2004,3,21,13,30,24.1,269,52,29,269,29,52,82.44
2004,3,21,14,30,25.6,640,273,68,640,68,273,74.79
2004,3,21,15,30,27.5,791,510,88,791,88,510,65.42
2004,3,21,16,30,29,868,718,100,868,100,718,56.65
2004,3,21,17,30,29.6,910,873,107,910,107,873,54.27
2004,3,21,18,30,29.700000000000003,936,964,108,936,108,964,53.88
2004,3,21,19,30,29.5,939,977,108,939,108,977,54.44
2004,3,21,20,30,29,927,915,105,927,105,915,56.21
2004,3,21,21,30,28.5,901,784,96,901,96,784,58.18
2004,3,21,22,30,27.900000000000002,842,592,87,842,87,592,60.33
2004,3,21,23,30,27.3,729,361,72,729,72,361,62.34
2004,3,22,0,30,26.5,464,122,45,464,45,122,65.66
2004,3,22,1,30,25.900000000000002,0,0,0,0,0,0,69.13
2004,3,22,2,30,25.3,0,0,0,0,0,0,72.67
2004,3,22,3,30,24.900000000000002,0,0,0,0,0,0,75.61
2004,3,22,4,30,24.5,0,0,0,0,0,0,78.60000000000001
2004,3,22,5,30,24.3,0,0,0,0,0,0,80.37
2004,3,22,6,30,24.1,0,0,0,0,0,0,81.4
2004,3,22,7,30,23.900000000000002,0,0,0,0,0,0,81.77
2004,3,22,8,30,23.8,0,0,0,0,0,0,81.64
2004,3,22,9,30,23.8,0,0,0,0,0,0,81.27
2004,3,22,10,30,23.700000000000003,0,0,0,0,0,0,81.73
2004,3,22,11,30,23.8,0,0,0,0,0,0,81.26
2004,3,22,12,30,24,0,0,0,0,0,0,79.98
2004,3,22,13,30,25,237,52,31,237,31,52,74.8
2004,3,22,14,30,26.400000000000002,611,272,75,611,75,272,67.73
2004,3,22,15,30,27.6,763,509,98,763,98,509,61.13
2004,3,22,16,30,28.3,840,715,114,840,114,715,58.6
2004,3,22,17,30,28.6,878,868,125,878,125,868,58.35
2004,3,22,18,30,28.6,878,950,143,878,143,950,59.410000000000004
2004,3,22,19,30,28.400000000000002,874,962,151,874,151,962,61.25
2004,3,22,20,30,28,855,899,150,855,150,899,63.38
2004,3,22,21,30,27.700000000000003,851,774,123,851,123,774,64.77
2004,3,22,22,30,27.3,792,585,108,792,108,585,66.25
2004,3,22,23,30,26.700000000000003,676,356,86,676,86,356,68.5
2004,3,23,0,30,26,411,120,51,411,51,120,71.66
2004,3,23,1,30,25.400000000000002,0,0,0,0,0,0,75.18
2004,3,23,2,30,25,0,0,0,0,0,0,77.95
2004,3,23,3,30,24.700000000000003,0,0,0,0,0,0,80.23
2004,3,23,4,30,24.400000000000002,0,0,0,0,0,0,82.18
2004,3,23,5,30,24.1,0,0,0,0,0,0,83.96000000000001
2004,3,23,6,30,23.8,0,0,0,0,0,0,85.11
2004,3,23,7,30,23.6,0,0,0,0,0,0,85.62
2004,3,23,8,30,23.400000000000002,0,0,0,0,0,0,86.12
2004,3,23,9,30,23.200000000000003,0,0,0,0,0,0,86.14
2004,3,23,10,30,23.1,0,0,0,0,0,0,85.11
2004,3,23,11,30,22.900000000000002,0,0,0,0,0,0,84.33
2004,3,23,12,30,23,0,0,0,0,0,0,82.09
2004,3,23,13,30,23.700000000000003,297,59,31,297,31,59,77.28
2004,3,23,14,30,24.900000000000002,673,290,70,673,70,290,71.57000000000001
2004,3,23,15,30,26.1,821,533,89,821,89,533,65.98
2004,3,23,16,30,26.900000000000002,896,745,101,896,101,745,61.83
2004,3,23,17,30,27.400000000000002,938,902,107,938,107,902,59.75
2004,3,23,18,30,27.700000000000003,976,998,100,976,100,998,58.52
2004,3,23,19,30,27.700000000000003,983,1014,99,983,99,1014,58.04
2004,3,23,20,30,27.6,976,952,95,976,95,952,57.69
2004,3,23,21,30,27.400000000000002,949,818,90,949,90,818,57.21
2004,3,23,22,30,26.900000000000002,897,622,81,897,81,622,57.28
2004,3,23,23,30,26.3,793,384,67,793,67,384,57.83
2004,3,24,0,30,25.200000000000003,537,134,43,537,43,134,61.72
2004,3,24,1,30,24.3,0,0,0,0,0,0,67.29
2004,3,24,2,30,23.6,0,0,0,0,0,0,72.21000000000001
2004,3,24,3,30,23.200000000000003,0,0,0,0,0,0,75.47
2004,3,24,4,30,22.900000000000002,0,0,0,0,0,0,77.7
2004,3,24,5,30,22.700000000000003,0,0,0,0,0,0,78.69
2004,3,24,6,30,22.5,0,0,0,0,0,0,79.47
2004,3,24,7,30,22.200000000000003,0,0,0,0,0,0,80.19
2004,3,24,8,30,22,0,0,0,0,0,0,79.8
2004,3,24,9,30,21.900000000000002,0,0,0,0,0,0,78.26
2004,3,24,10,30,21.900000000000002,0,0,0,0,0,0,75.9
2004,3,24,11,30,21.900000000000002,0,0,0,0,0,0,73.54
2004,3,24,12,30,22.1,0,0,0,0,0,0,70.43
2004,3,24,13,30,23,379,66,29,379,29,66,64.62
2004,3,24,14,30,24.5,740,305,60,740,60,305,57.7
2004,3,24,15,30,25.900000000000002,880,554,75,880,75,554,52.230000000000004
2004,3,24,16,30,27,950,769,83,950,83,769,47.550000000000004
2004,3,24,17,30,27.700000000000003,988,929,88,399,410,750,45.82
2004,3,24,18,30,28.1,1003,1018,92,1003,92,1018,45.81
2004,3,24,19,30,28.3,1007,1031,91,1007,91,1031,46.22
2004,3,24,20,30,28.200000000000003,996,966,89,996,89,966,47.36
2004,3,24,21,30,27.900000000000002,972,828,81,972,81,828,48.36
2004,3,24,22,30,27.400000000000002,923,632,74,923,74,632,49.71
2004,3,24,23,30,26.5,820,391,62,820,62,391,52.76
2004,3,25,0,30,25.400000000000002,572,138,40,572,40,138,57.52
2004,3,25,1,30,24.400000000000002,0,0,0,0,0,0,63.800000000000004
2004,3,25,2,30,23.8,0,0,0,0,0,0,67.98
2004,3,25,3,30,23.400000000000002,0,0,0,0,0,0,70.34
2004,3,25,4,30,23.1,0,0,0,0,0,0,71.24
2004,3,25,5,30,22.8,0,0,0,0,0,0,71.3
2004,3,25,6,30,22.6,0,0,0,0,0,0,70.79
2004,3,25,7,30,22.400000000000002,0,0,0,0,0,0,70.29
2004,3,25,8,30,22.200000000000003,0,0,0,0,0,0,70.06
2004,3,25,9,30,22.200000000000003,0,0,0,0,0,0,68.91
2004,3,25,10,30,22.1,0,0,0,0,0,0,67.94
2004,3,25,11,30,22.1,0,0,0,0,0,0,66.51
2004,3,25,12,30,22.3,0,0,0,0,0,0,63.95
2004,3,25,13,30,23.200000000000003,412,70,29,412,29,70,58.68
2004,3,25,14,30,24.5,761,312,57,761,57,312,53.68
2004,3,25,15,30,25.700000000000003,897,562,71,897,71,562,49.25
2004,3,25,16,30,26.8,963,778,79,963,79,778,44.9
2004,3,25,17,30,27.8,999,937,83,999,83,937,40.83
2004,3,25,18,30,28.3,1019,1026,83,1019,83,1026,40.07
2004,3,25,19,30,28.5,1017,1035,83,1017,83,1035,40.24
2004,3,25,20,30,28.400000000000002,1007,970,81,1007,81,970,41.31
2004,3,25,21,30,28.1,955,826,91,955,91,826,43.28
2004,3,25,22,30,27.6,895,627,84,895,84,627,45.56
2004,3,25,23,30,26.8,781,386,71,781,71,386,48.96
2004,3,26,0,30,25.6,517,135,46,517,46,135,54.84
2004,3,26,1,30,24.6,0,0,0,0,0,0,61.89
2004,3,26,2,30,23.900000000000002,0,0,0,0,0,0,67.59
2004,3,26,3,30,23.5,0,0,0,0,0,0,70.52
2004,3,26,4,30,23.200000000000003,0,0,0,0,0,0,71.56
2004,3,26,5,30,22.900000000000002,0,0,0,0,0,0,72.66
2004,3,26,6,30,22.8,0,0,0,0,0,0,72.69
2004,3,26,7,30,22.6,0,0,0,0,0,0,72.82000000000001
2004,3,26,8,30,22.6,0,0,0,0,0,0,71.87
2004,3,26,9,30,22.6,0,0,0,0,0,0,70.47
2004,3,26,10,30,22.700000000000003,0,0,0,0,0,0,68.61
2004,3,26,11,30,22.8,0,0,0,0,0,0,67.06
2004,3,26,12,30,23,0,0,0,0,0,0,65.24
2004,3,26,13,30,23.900000000000002,352,70,33,7,50,50,60.910000000000004
2004,3,26,14,30,25,712,308,67,218,170,244,57.47
2004,3,26,15,30,25.900000000000002,854,555,84,854,84,555,54.660000000000004
2004,3,26,16,30,26.8,925,768,94,925,94,768,50.99
2004,3,26,17,30,27.5,965,926,99,965,99,926,48.47
2004,3,26,18,30,28,981,1014,103,981,103,1014,47.28
2004,3,26,19,30,28.1,984,1026,103,984,103,1026,47.81
2004,3,26,20,30,27.900000000000002,972,959,100,972,100,959,49.11
2004,3,26,21,30,27.700000000000003,945,822,93,945,93,822,50.38
2004,3,26,22,30,27.200000000000003,885,622,84,885,84,622,52.550000000000004
2004,3,26,23,30,26.5,773,383,70,773,70,383,55.39
2004,3,27,0,30,25.6,513,134,45,513,45,134,59.49
2004,3,27,1,30,24.700000000000003,0,0,0,0,0,0,65.12
2004,3,27,2,30,24.200000000000003,0,0,0,0,0,0,68.54
2004,3,27,3,30,23.8,0,0,0,0,0,0,70.77
2004,3,27,4,30,23.5,0,0,0,0,0,0,71.60000000000001
2004,3,27,5,30,23.400000000000002,0,0,0,0,0,0,70.7
2004,3,27,6,30,23.3,0,0,0,0,0,0,69.73
2004,3,27,7,30,23,0,0,0,0,0,0,70.89
2004,3,27,8,30,22.900000000000002,0,0,0,0,0,0,72.12
2004,3,27,9,30,22.8,0,0,0,0,0,0,73.01
2004,3,27,10,30,22.8,0,0,0,0,0,0,72.87
2004,3,27,11,30,22.700000000000003,0,0,0,0,0,0,73.01
2004,3,27,12,30,22.8,0,0,0,0,0,0,71.78
2004,3,27,13,30,23.6,351,72,34,351,34,72,67.29
2004,3,27,14,30,24.8,705,308,67,705,67,308,62.06
2004,3,27,15,30,26,850,555,83,850,83,555,56.82
2004,3,27,16,30,27,923,767,92,923,92,767,52.01
2004,3,27,17,30,27.700000000000003,962,924,97,962,97,924,49.52
2004,3,27,18,30,27.900000000000002,982,1012,98,982,98,1012,49.68
2004,3,27,19,30,27.900000000000002,987,1026,99,987,99,1026,50.480000000000004
2004,3,27,20,30,27.8,975,960,96,975,96,960,51.39
2004,3,27,21,30,27.5,930,818,99,930,99,818,52.83
2004,3,27,22,30,27.1,870,620,90,870,90,620,54.64
2004,3,27,23,30,26.5,755,381,75,755,75,381,57.27
2004,3,28,0,30,25.5,489,134,48,489,48,134,62.68
2004,3,28,1,30,24.6,0,0,0,0,0,0,69.69
2004,3,28,2,30,24,0,0,0,0,0,0,75.51
2004,3,28,3,30,23.5,0,0,0,0,0,0,79.92
2004,3,28,4,30,23.200000000000003,0,0,0,0,0,0,82.10000000000001
2004,3,28,5,30,23,0,0,0,0,0,0,83.11
2004,3,28,6,30,22.8,0,0,0,0,0,0,83.59
2004,3,28,7,30,22.6,0,0,0,0,0,0,83.91
2004,3,28,8,30,22.5,0,0,0,0,0,0,83.54
2004,3,28,9,30,22.5,0,0,0,0,0,0,81.8
2004,3,28,10,30,22.5,0,0,0,0,0,0,79.75
2004,3,28,11,30,22.5,0,0,0,0,0,0,77.75
2004,3,28,12,30,22.700000000000003,0,0,0,0,0,0,74.61
2004,3,28,13,30,23.400000000000002,328,73,36,328,36,73,69.43
2004,3,28,14,30,24.5,676,307,74,676,74,307,64.38
2004,3,28,15,30,25.6,820,550,93,196,299,408,59.300000000000004
2004,3,28,16,30,26.6,892,760,104,892,104,760,54.25
2004,3,28,17,30,27.3,931,915,112,931,112,915,51.7
2004,3,28,18,30,27.6,953,1003,114,953,114,1003,51.4
2004,3,28,19,30,27.5,954,1013,115,954,115,1013,52.63
2004,3,28,20,30,27.3,939,946,113,939,113,946,54.47
2004,3,28,21,30,26.900000000000002,906,809,107,906,107,809,57.03
2004,3,28,22,30,26.400000000000002,838,610,98,838,98,610,60.13
2004,3,28,23,30,25.700000000000003,711,372,83,255,203,307,63.96
2004,3,29,0,30,24.900000000000002,437,129,52,14,87,90,68.78
2004,3,29,1,30,24.3,0,0,0,0,0,0,73.58
2004,3,29,2,30,23.8,0,0,0,0,0,0,78.06
2004,3,29,3,30,23.5,0,0,0,0,0,0,80.45
2004,3,29,4,30,23.3,0,0,0,0,0,0,81.12
2004,3,29,5,30,23.1,0,0,0,0,0,0,81.55
2004,3,29,6,30,23,0,0,0,0,0,0,81.52
2004,3,29,7,30,23,0,0,0,0,0,0,81.08
2004,3,29,8,30,23,0,0,0,0,0,0,80.58
2004,3,29,9,30,23,0,0,0,0,0,0,79.68
2004,3,29,10,30,23.200000000000003,0,0,0,0,0,0,77.73
2004,3,29,11,30,23.3,0,0,0,0,0,0,76.22
2004,3,29,12,30,23.5,0,0,0,0,0,0,74.15
2004,3,29,13,30,24.1,305,74,39,21,56,58,70.73
2004,3,29,14,30,24.900000000000002,649,305,79,649,79,305,67.28
2004,3,29,15,30,25.8,797,546,99,640,144,503,64.4
2004,3,29,16,30,26.5,877,757,110,397,344,637,61.45
2004,3,29,17,30,27.1,920,912,115,756,188,841,59.31
2004,3,29,18,30,27.400000000000002,945,999,115,713,203,870,58.71
2004,3,29,19,30,27.400000000000002,949,1010,114,728,164,851,59.46
2004,3,29,20,30,27.1,933,942,112,620,219,771,61.550000000000004
2004,3,29,21,30,26.6,901,805,105,650,180,685,64.24
2004,3,29,22,30,26.1,841,609,94,527,181,504,66.52
2004,3,29,23,30,25.5,727,374,78,313,191,319,68.89
2004,3,30,0,30,25,472,133,48,472,48,133,70.58
2004,3,30,1,30,24.5,0,0,0,0,0,0,72.73
2004,3,30,2,30,24.1,0,0,0,0,0,0,73.96000000000001
2004,3,30,3,30,23.900000000000002,0,0,0,0,0,0,75.60000000000001
2004,3,30,4,30,23.8,0,0,0,0,0,0,78.22
2004,3,30,5,30,23.900000000000002,0,0,0,0,0,0,78.79
2004,3,30,6,30,24.1,0,0,0,0,0,0,77.99
2004,3,30,7,30,24.200000000000003,0,0,0,0,0,0,76.62
2004,3,30,8,30,24.1,0,0,0,0,0,0,76.25
2004,3,30,9,30,24,0,0,0,0,0,0,76.25
2004,3,30,10,30,23.8,0,0,0,0,0,0,76.49
2004,3,30,11,30,23.6,0,0,0,0,0,0,77.09
2004,3,30,12,30,23.6,0,0,0,0,0,0,76.67
2004,3,30,13,30,24,289,75,41,289,41,75,74.33
2004,3,30,14,30,25,625,304,84,625,84,304,68.83
2004,3,30,15,30,26.3,770,541,106,770,106,541,61.53
2004,3,30,16,30,27.3,845,745,120,691,156,668,57.86
2004,3,30,17,30,27.8,887,898,128,735,156,794,57.11
2004,3,30,18,30,28.1,915,985,126,718,180,853,56.33
2004,3,30,19,30,28.1,918,995,126,642,197,804,56.620000000000005
2004,3,30,20,30,27.8,905,929,123,45,401,441,58.160000000000004
2004,3,30,21,30,27.400000000000002,867,792,118,92,351,423,60.25
2004,3,30,22,30,26.8,805,600,106,565,169,515,63.28
2004,3,30,23,30,26.1,687,368,87,193,189,268,66.8
2004,3,31,0,30,25.400000000000002,431,130,53,431,53,130,70.62
2004,3,31,1,30,24.8,0,0,0,0,0,0,74.02
2004,3,31,2,30,24.5,0,0,0,0,0,0,75.63
2004,3,31,3,30,24.3,0,0,0,0,0,0,76.53
2004,3,31,4,30,24.1,0,0,0,0,0,0,77.21000000000001
2004,3,31,5,30,24,0,0,0,0,0,0,77.69
2004,3,31,6,30,23.8,0,0,0,0,0,0,78.72
2004,3,31,7,30,23.700000000000003,0,0,0,0,0,0,79.58
2004,3,31,8,30,23.5,0,0,0,0,0,0,80.42
2004,3,31,9,30,23.3,0,0,0,0,0,0,80.62
2004,3,31,10,30,23.1,0,0,0,0,0,0,79.99
2004,3,31,11,30,22.900000000000002,0,0,0,0,0,0,78.99
2004,3,31,12,30,23.1,0,0,0,0,0,0,75.83
2004,3,31,13,30,24.1,332,79,38,7,57,58,68.86
2004,3,31,14,30,25.700000000000003,661,309,74,661,74,309,59.9
2004,3,31,15,30,27.1,801,547,92,801,92,547,54.92
2004,3,31,16,30,28,873,752,103,873,103,752,52.550000000000004
2004,3,31,17,30,28.5,911,903,110,911,110,903,51.34
2004,3,31,18,30,28.700000000000003,886,975,142,886,142,975,51.64
2004,3,31,19,30,28.6,886,984,144,886,144,984,53.300000000000004
2004,3,31,20,30,28.3,866,918,144,866,144,918,55.58
2004,3,31,21,30,27.8,829,781,135,829,135,781,58.31
2004,3,31,22,30,27.1,760,588,121,760,121,588,61.88
2004,3,31,23,30,26.200000000000003,633,358,99,633,99,358,66.92
2004,4,1,0,30,25.400000000000002,354,124,60,354,60,124,72.07000000000001
2004,4,1,1,30,24.8,0,0,0,0,0,0,76.48
2004,4,1,2,30,24.400000000000002,0,0,0,0,0,0,79.4
2004,4,1,3,30,24.1,0,0,0,0,0,0,81.08
2004,4,1,4,30,23.900000000000002,0,0,0,0,0,0,81.79
2004,4,1,5,30,23.6,0,0,0,0,0,0,83.08
2004,4,1,6,30,23.400000000000002,0,0,0,0,0,0,84.12
2004,4,1,7,30,23.1,0,0,0,0,0,0,85.76
2004,4,1,8,30,22.900000000000002,0,0,0,0,0,0,86.48
2004,4,1,9,30,22.700000000000003,0,0,0,0,0,0,86.84
2004,4,1,10,30,22.6,0,0,0,0,0,0,86.22
2004,4,1,11,30,22.6,0,0,0,0,0,0,84.65
2004,4,1,12,30,22.900000000000002,0,0,0,0,0,0,81.5
2004,4,1,13,30,23.700000000000003,249,77,45,249,45,77,76.35000000000001
2004,4,1,14,30,24.700000000000003,573,301,95,573,95,301,70.87
2004,4,1,15,30,25.6,726,535,120,726,120,535,66.13
2004,4,1,16,30,26.3,808,738,135,808,135,738,63.68
2004,4,1,17,30,26.5,852,888,144,852,144,888,63.65
2004,4,1,18,30,26.6,870,971,151,870,151,971,63.89
2004,4,1,19,30,26.5,871,980,152,871,152,980,64.69
2004,4,1,20,30,26.200000000000003,861,916,146,861,146,916,65.91
2004,4,1,21,30,25.900000000000002,799,775,151,799,151,775,66.84
2004,4,1,22,30,25.400000000000002,727,583,135,727,135,583,68.41
2004,4,1,23,30,24.700000000000003,596,355,109,596,109,355,70.8
2004,4,2,0,30,24,332,124,63,332,63,124,73.68
2004,4,2,1,30,23.400000000000002,0,0,0,0,0,0,76.48
2004,4,2,2,30,23.1,0,0,0,0,0,0,78.10000000000001
2004,4,2,3,30,22.8,0,0,0,0,0,0,79.58
2004,4,2,4,30,22.6,0,0,0,0,0,0,80.36
2004,4,2,5,30,22.400000000000002,0,0,0,0,0,0,80.89
2004,4,2,6,30,22.1,0,0,0,0,0,0,81.54
2004,4,2,7,30,22,0,0,0,0,0,0,81.03
2004,4,2,8,30,21.900000000000002,0,0,0,0,0,0,80.65
2004,4,2,9,30,21.900000000000002,0,0,0,0,0,0,79.81
2004,4,2,10,30,21.900000000000002,0,0,0,0,0,0,79.18
2004,4,2,11,30,22,0,0,0,0,0,0,78.14
2004,4,2,12,30,22.3,0,0,0,0,0,0,76.4
2004,4,2,13,30,22.8,245,79,47,245,47,79,74.22
2004,4,2,14,30,23.5,576,303,94,576,94,303,71.09
2004,4,2,15,30,24.200000000000003,733,538,117,236,294,429,67.8
2004,4,2,16,30,24.900000000000002,817,742,130,343,359,616,64.98
2004,4,2,17,30,25.3,868,895,135,868,135,895,63.63
2004,4,2,18,30,25.6,854,970,163,854,163,970,62.99
2004,4,2,19,30,25.700000000000003,865,982,159,865,159,982,62.940000000000005
2004,4,2,20,30,25.6,856,918,151,856,151,918,63.440000000000005
2004,4,2,21,30,25.400000000000002,858,793,122,858,122,793,63.86
2004,4,2,22,30,25,800,601,107,800,107,601,65.08
2004,4,2,23,30,24.5,685,370,87,685,87,370,66.85
2004,4,3,0,30,23.8,425,132,54,425,54,132,69.83
2004,4,3,1,30,23.3,0,0,0,0,0,0,72.33
2004,4,3,2,30,22.900000000000002,0,0,0,0,0,0,74.48
2004,4,3,3,30,22.700000000000003,0,0,0,0,0,0,75.5
2004,4,3,4,30,22.400000000000002,0,0,0,0,0,0,76.83
2004,4,3,5,30,22.200000000000003,0,0,0,0,0,0,77.60000000000001
2004,4,3,6,30,22,0,0,0,0,0,0,78.31
2004,4,3,7,30,21.8,0,0,0,0,0,0,78.9
2004,4,3,8,30,21.6,0,0,0,0,0,0,79.62
2004,4,3,9,30,21.5,0,0,0,0,0,0,79.99
2004,4,3,10,30,21.400000000000002,0,0,0,0,0,0,80.37
2004,4,3,11,30,21.400000000000002,0,0,0,0,0,0,80.01
2004,4,3,12,30,21.5,0,0,0,0,0,0,78.93
2004,4,3,13,30,22.1,303,86,45,11,65,66,75.42
2004,4,3,14,30,22.8,626,316,87,10,157,161,71.85000000000001
2004,4,3,15,30,23.5,771,554,109,50,284,313,68.87
2004,4,3,16,30,24.200000000000003,846,759,123,846,123,759,66.01
2004,4,3,17,30,24.700000000000003,887,910,132,887,132,910,63.99
2004,4,3,18,30,25,934,1002,118,934,118,1002,62.690000000000005
2004,4,3,19,30,25.1,937,1012,119,937,119,1012,62.33
2004,4,3,20,30,25,922,944,116,922,116,944,62.53
2004,4,3,21,30,24.700000000000003,859,800,127,859,127,800,63.52
2004,4,3,22,30,24.400000000000002,786,603,117,786,117,603,64.66
2004,4,3,23,30,23.900000000000002,656,369,98,656,98,369,66.74
2004,4,4,0,30,23.3,387,132,60,387,60,132,69.58
2004,4,4,1,30,22.900000000000002,0,0,0,0,0,0,71.98
2004,4,4,2,30,22.6,0,0,0,0,0,0,73.7
2004,4,4,3,30,22.3,0,0,0,0,0,0,74.96000000000001
2004,4,4,4,30,22.1,0,0,0,0,0,0,75.47
2004,4,4,5,30,21.8,0,0,0,0,0,0,76.5
2004,4,4,6,30,21.700000000000003,0,0,0,0,0,0,76.66
2004,4,4,7,30,21.5,0,0,0,0,0,0,77.47
2004,4,4,8,30,21.3,0,0,0,0,0,0,78.35000000000001
2004,4,4,9,30,21.200000000000003,0,0,0,0,0,0,78.9
2004,4,4,10,30,21.1,0,0,0,0,0,0,79.16
2004,4,4,11,30,21.1,0,0,0,0,0,0,78.92
2004,4,4,12,30,21.200000000000003,0,0,0,0,0,0,78.49
2004,4,4,13,30,21.6,332,91,46,11,67,68,76.48
2004,4,4,14,30,22.200000000000003,673,329,80,33,190,202,73.03
2004,4,4,15,30,23,819,570,95,819,95,570,68.47
2004,4,4,16,30,23.8,894,778,104,894,104,778,64.07000000000001
2004,4,4,17,30,24.400000000000002,939,934,107,939,107,934,61.29
2004,4,4,18,30,24.8,961,1020,109,961,109,1020,60.01
2004,4,4,19,30,24.900000000000002,967,1029,106,967,106,1029,59.83
2004,4,4,20,30,24.900000000000002,959,964,102,959,102,964,59.94
2004,4,4,21,30,24.700000000000003,939,829,92,939,92,829,60.5
2004,4,4,22,30,24.400000000000002,885,631,83,885,83,631,61.44
2004,4,4,23,30,23.900000000000002,783,394,69,255,209,315,63.29
2004,4,5,0,30,23.200000000000003,544,146,45,135,93,118,66.12
2004,4,5,1,30,22.700000000000003,0,0,0,0,0,0,69.15
2004,4,5,2,30,22.3,0,0,0,0,0,0,71.9
2004,4,5,3,30,22,0,0,0,0,0,0,73.61
2004,4,5,4,30,21.8,0,0,0,0,0,0,74.31
2004,4,5,5,30,21.5,0,0,0,0,0,0,75.53
2004,4,5,6,30,21.3,0,0,0,0,0,0,76.48
2004,4,5,7,30,21.1,0,0,0,0,0,0,77.53
2004,4,5,8,30,21,0,0,0,0,0,0,78.08
2004,4,5,9,30,20.900000000000002,0,0,0,0,0,0,78.52
2004,4,5,10,30,20.8,0,0,0,0,0,0,78.56
2004,4,5,11,30,20.8,0,0,0,0,0,0,77.78
2004,4,5,12,30,21,0,0,0,0,0,0,75.19
2004,4,5,13,30,21.8,436,100,39,18,70,72,70.54
2004,4,5,14,30,22.700000000000003,734,342,68,734,68,342,66.41
2004,4,5,15,30,23.6,862,585,82,862,82,585,61.29
2004,4,5,16,30,24.3,932,795,89,932,89,795,56.800000000000004
2004,4,5,17,30,24.8,970,949,92,970,92,949,54.6
2004,4,5,18,30,25.200000000000003,991,1036,94,991,94,1036,53.52
2004,4,5,19,30,25.400000000000002,997,1047,92,997,92,1047,52.85
2004,4,5,20,30,25.400000000000002,986,978,90,986,90,978,52.480000000000004
2004,4,5,21,30,25.3,952,838,90,952,90,838,51.79
2004,4,5,22,30,25,898,639,81,898,81,639,51.63
2004,4,5,23,30,24.400000000000002,797,400,68,797,68,400,53.01
2004,4,6,0,30,23.6,560,150,45,560,45,150,55.94
2004,4,6,1,30,22.8,0,0,0,0,0,0,60.21
2004,4,6,2,30,22.3,0,0,0,0,0,0,63.53
2004,4,6,3,30,22,0,0,0,0,0,0,65.97
2004,4,6,4,30,21.6,0,0,0,0,0,0,68.51
2004,4,6,5,30,21.3,0,0,0,0,0,0,70.38
2004,4,6,6,30,21.1,0,0,0,0,0,0,71.74
2004,4,6,7,30,20.900000000000002,0,0,0,0,0,0,72.64
2004,4,6,8,30,20.8,0,0,0,0,0,0,73.05
2004,4,6,9,30,20.700000000000003,0,0,0,0,0,0,73.10000000000001
2004,4,6,10,30,20.6,0,0,0,0,0,0,72.8
2004,4,6,11,30,20.6,0,0,0,0,0,0,71.9
2004,4,6,12,30,21,0,0,0,0,0,0,69.5
2004,4,6,13,30,22,460,105,39,460,39,105,64.98
2004,4,6,14,30,23.3,750,349,67,750,67,349,61.04
2004,4,6,15,30,24.3,873,593,81,873,81,593,56.92
2004,4,6,16,30,25.1,939,803,89,939,89,803,52.36
2004,4,6,17,30,25.700000000000003,978,959,93,978,93,959,49.22
2004,4,6,18,30,26.1,995,1043,95,995,95,1043,47.68
2004,4,6,19,30,26.1,999,1053,95,999,95,1053,47.72
2004,4,6,20,30,25.900000000000002,986,984,94,986,94,984,48.11
2004,4,6,21,30,25.6,948,840,94,749,172,762,48.63
2004,4,6,22,30,25.1,891,640,86,367,255,483,49.93
2004,4,6,23,30,24.5,783,399,72,209,203,290,51.47
2004,4,7,0,30,23.700000000000003,543,149,47,6,55,56,54.17
2004,4,7,1,30,22.900000000000002,0,0,0,0,0,0,57.75
2004,4,7,2,30,22.400000000000002,0,0,0,0,0,0,60.84
2004,4,7,3,30,22.1,0,0,0,0,0,0,63.160000000000004
2004,4,7,4,30,21.8,0,0,0,0,0,0,65.27
2004,4,7,5,30,21.5,0,0,0,0,0,0,67.14
2004,4,7,6,30,21.3,0,0,0,0,0,0,68.13
2004,4,7,7,30,21,0,0,0,0,0,0,69.2
2004,4,7,8,30,20.8,0,0,0,0,0,0,69.68
2004,4,7,9,30,20.700000000000003,0,0,0,0,0,0,69.34
2004,4,7,10,30,20.700000000000003,0,0,0,0,0,0,67.86
2004,4,7,11,30,20.700000000000003,0,0,0,0,0,0,66.05
2004,4,7,12,30,20.900000000000002,0,0,0,0,0,0,63.52
2004,4,7,13,30,21.5,453,107,41,0,13,13,59.51
2004,4,7,14,30,22.3,743,351,69,40,158,173,55.660000000000004
2004,4,7,15,30,23,868,594,82,208,282,405,53.15
2004,4,7,16,30,23.700000000000003,934,802,90,354,323,593,50.09
2004,4,7,17,30,24.400000000000002,966,951,94,202,421,600,46.56
2004,4,7,18,30,25,956,1027,114,356,403,743,44.72
2004,4,7,19,30,25.3,964,1033,107,294,393,676,45.04
2004,4,7,20,30,25.200000000000003,955,966,103,401,351,713,47.22
2004,4,7,21,30,24.8,919,823,99,32,318,344,50.58
2004,4,7,22,30,24.200000000000003,861,625,88,70,267,311,54.27
2004,4,7,23,30,23.700000000000003,753,389,73,11,135,140,57.13
2004,4,8,0,30,23.200000000000003,511,145,48,4,62,63,60.43
2004,4,8,1,30,22.8,0,0,0,0,0,0,63.730000000000004
2004,4,8,2,30,22.5,0,0,0,0,0,0,65.83
2004,4,8,3,30,22.400000000000002,0,0,0,0,0,0,65.96000000000001
2004,4,8,4,30,22.3,0,0,0,0,0,0,65.47
2004,4,8,5,30,22.200000000000003,0,0,0,0,0,0,64.42
2004,4,8,6,30,22.1,0,0,0,0,0,0,63.38
2004,4,8,7,30,22,0,0,0,0,0,0,62.93
2004,4,8,8,30,21.900000000000002,0,0,0,0,0,0,62.63
2004,4,8,9,30,22,0,0,0,0,0,0,61.44
2004,4,8,10,30,22.1,0,0,0,0,0,0,60.870000000000005
2004,4,8,11,30,22.1,0,0,0,0,0,0,61.620000000000005
2004,4,8,12,30,22.400000000000002,0,0,0,0,0,0,60.97
2004,4,8,13,30,23.3,442,106,40,0,2,2,57.69
2004,4,8,14,30,24.5,726,344,67,23,181,189,53.52
2004,4,8,15,30,25.6,850,584,80,482,183,468,48.160000000000004
2004,4,8,16,30,26.5,916,789,89,351,361,630,44.01
2004,4,8,17,30,27.1,950,939,93,727,174,820,42.81
2004,4,8,18,30,27.400000000000002,962,1020,100,557,363,895,43.44
2004,4,8,19,30,27.6,966,1029,100,554,368,900,43.26
2004,4,8,20,30,27.5,953,960,98,517,365,833,43.62
2004,4,8,21,30,27.200000000000003,910,818,100,720,136,705,44.71
2004,4,8,22,30,26.700000000000003,850,623,92,850,92,623,46.660000000000004
2004,4,8,23,30,26,736,387,78,534,138,362,49.54
2004,4,9,0,30,25.1,489,144,51,271,83,135,53.93
2004,4,9,1,30,24.3,0,0,0,0,0,0,58.89
2004,4,9,2,30,23.8,0,0,0,0,0,0,62.550000000000004
2004,4,9,3,30,23.5,0,0,0,0,0,0,65
2004,4,9,4,30,23.200000000000003,0,0,0,0,0,0,67.01
2004,4,9,5,30,22.900000000000002,0,0,0,0,0,0,68.72
2004,4,9,6,30,22.700000000000003,0,0,0,0,0,0,69.48
2004,4,9,7,30,22.5,0,0,0,0,0,0,69.44
2004,4,9,8,30,22.400000000000002,0,0,0,0,0,0,68.79
2004,4,9,9,30,22.200000000000003,0,0,0,0,0,0,69.03
2004,4,9,10,30,22,0,0,0,0,0,0,69.75
2004,4,9,11,30,21.900000000000002,0,0,0,0,0,0,69.87
2004,4,9,12,30,22,0,0,0,0,0,0,69.12
2004,4,9,13,30,22.8,413,109,46,93,78,93,65.44
2004,4,9,14,30,24,703,350,79,175,191,258,60.36
2004,4,9,15,30,25.1,830,590,96,147,327,415,55.660000000000004
2004,4,9,16,30,25.900000000000002,896,795,108,683,177,701,53.07
2004,4,9,17,30,26.400000000000002,936,948,114,642,233,805,51.58
2004,4,9,18,30,26.8,944,1028,123,629,263,866,50.83
2004,4,9,19,30,26.8,949,1037,123,522,404,907,51.79
2004,4,9,20,30,26.700000000000003,936,967,119,936,119,967,53.120000000000005
2004,4,9,21,30,26.3,910,828,109,306,411,653,55.32
2004,4,9,22,30,25.8,853,631,97,328,311,516,57.85
2004,4,9,23,30,25.1,741,393,81,741,81,393,61.43
2004,4,10,0,30,24.3,493,146,52,493,52,146,66.22
2004,4,10,1,30,23.5,0,0,0,0,0,0,71.89
2004,4,10,2,30,23,0,0,0,0,0,0,76.39
2004,4,10,3,30,22.6,0,0,0,0,0,0,79.56
2004,4,10,4,30,22.3,0,0,0,0,0,0,81.41
2004,4,10,5,30,22.1,0,0,0,0,0,0,82.17
2004,4,10,6,30,21.8,0,0,0,0,0,0,83.07000000000001
2004,4,10,7,30,21.6,0,0,0,0,0,0,83.16
2004,4,10,8,30,21.400000000000002,0,0,0,0,0,0,83.17
2004,4,10,9,30,21.3,0,0,0,0,0,0,82.7
2004,4,10,10,30,21.200000000000003,0,0,0,0,0,0,81.63
2004,4,10,11,30,21.200000000000003,0,0,0,0,0,0,80.07000000000001
2004,4,10,12,30,21.400000000000002,0,0,0,0,0,0,77.81
2004,4,10,13,30,22,400,111,48,25,80,84,74.07000000000001
2004,4,10,14,30,22.8,693,351,81,43,204,221,70.5
2004,4,10,15,30,23.5,825,591,98,825,98,591,67.12
2004,4,10,16,30,24.1,896,796,106,896,106,796,63.65
2004,4,10,17,30,24.6,939,949,110,939,110,949,60.67
2004,4,10,18,30,24.900000000000002,964,1035,109,964,109,1035,58.79
2004,4,10,19,30,24.900000000000002,971,1044,108,971,108,1044,58.39
2004,4,10,20,30,24.8,958,974,104,958,104,974,58.49
2004,4,10,21,30,24.5,885,824,123,427,372,710,59.800000000000004
2004,4,10,22,30,24,806,623,118,284,330,508,62.08
2004,4,10,23,30,23.400000000000002,671,384,101,264,220,331,64.68
2004,4,11,0,30,22.700000000000003,391,141,65,95,99,117,68.03
2004,4,11,1,30,22.1,0,0,0,0,0,0,71.29
2004,4,11,2,30,21.700000000000003,0,0,0,0,0,0,73.55
2004,4,11,3,30,21.400000000000002,0,0,0,0,0,0,75.05
2004,4,11,4,30,21.200000000000003,0,0,0,0,0,0,75.88
2004,4,11,5,30,21,0,0,0,0,0,0,76.56
2004,4,11,6,30,20.8,0,0,0,0,0,0,76.86
2004,4,11,7,30,20.700000000000003,0,0,0,0,0,0,77.03
2004,4,11,8,30,20.5,0,0,0,0,0,0,77.66
2004,4,11,9,30,20.400000000000002,0,0,0,0,0,0,77.2
2004,4,11,10,30,20.3,0,0,0,0,0,0,76.43
2004,4,11,11,30,20.3,0,0,0,0,0,0,75.39
2004,4,11,12,30,20.400000000000002,0,0,0,0,0,0,73.98
2004,4,11,13,30,20.900000000000002,325,109,57,28,85,89,71.09
2004,4,11,14,30,21.700000000000003,624,346,101,624,101,346,66.9
2004,4,11,15,30,22.6,773,585,121,367,292,512,62.93
2004,4,11,16,30,23.6,861,795,129,861,129,795,59.22
2004,4,11,17,30,24.3,911,947,131,911,131,947,56.99
2004,4,11,18,30,24.8,938,1033,131,938,131,1033,55.68
2004,4,11,19,30,25,943,1039,128,943,128,1039,55.33
2004,4,11,20,30,25,933,972,124,933,124,972,55.25
2004,4,11,21,30,24.8,923,837,105,923,105,837,55.51
2004,4,11,22,30,24.5,868,640,95,868,95,640,55.99
2004,4,11,23,30,23.900000000000002,756,400,80,756,80,400,57.72
2004,4,12,0,30,23.200000000000003,505,151,53,505,53,151,59.730000000000004
2004,4,12,1,30,22.5,0,0,0,0,0,0,61.78
2004,4,12,2,30,22.1,0,0,0,0,0,0,62.88
2004,4,12,3,30,21.900000000000002,0,0,0,0,0,0,64.14
2004,4,12,4,30,21.6,0,0,0,0,0,0,66.51
2004,4,12,5,30,21.400000000000002,0,0,0,0,0,0,68.3
2004,4,12,6,30,21.200000000000003,0,0,0,0,0,0,70.02
2004,4,12,7,30,21,0,0,0,0,0,0,70.82000000000001
2004,4,12,8,30,20.900000000000002,0,0,0,0,0,0,70.60000000000001
2004,4,12,9,30,20.8,0,0,0,0,0,0,70.92
2004,4,12,10,30,20.8,0,0,0,0,0,0,71.61
2004,4,12,11,30,20.700000000000003,0,0,0,0,0,0,72.62
2004,4,12,12,30,20.900000000000002,0,0,0,0,0,0,71.09
2004,4,12,13,30,21.6,404,117,50,404,50,117,67.56
2004,4,12,14,30,22.400000000000002,700,358,82,700,82,358,64.67
2004,4,12,15,30,23.400000000000002,830,599,98,830,98,599,59.4
2004,4,12,16,30,24.200000000000003,901,806,108,901,108,806,55.300000000000004
2004,4,12,17,30,25,938,956,114,938,114,956,52.43
2004,4,12,18,30,25.400000000000002,970,1044,109,970,109,1044,51.5
2004,4,12,19,30,25.700000000000003,970,1048,110,970,110,1048,51.620000000000005
2004,4,12,20,30,25.8,960,980,107,960,107,980,52.68
2004,4,12,21,30,25.700000000000003,897,831,119,422,376,710,53.870000000000005
2004,4,12,22,30,25.400000000000002,829,630,109,829,109,630,55.39
2004,4,12,23,30,24.900000000000002,710,392,91,335,206,348,57.44
2004,4,13,0,30,24.1,453,147,58,41,105,113,60.95
2004,4,13,1,30,23.400000000000002,0,0,0,0,0,0,65.45
2004,4,13,2,30,22.900000000000002,0,0,0,0,0,0,69.51
2004,4,13,3,30,22.5,0,0,0,0,0,0,72.35000000000001
2004,4,13,4,30,22.3,0,0,0,0,0,0,73.87
2004,4,13,5,30,22.1,0,0,0,0,0,0,75.16
2004,4,13,6,30,21.900000000000002,0,0,0,0,0,0,76.18
2004,4,13,7,30,21.900000000000002,0,0,0,0,0,0,75.8
2004,4,13,8,30,21.8,0,0,0,0,0,0,75.3
2004,4,13,9,30,21.700000000000003,0,0,0,0,0,0,74.79
2004,4,13,10,30,21.700000000000003,0,0,0,0,0,0,73.9
2004,4,13,11,30,21.8,0,0,0,0,0,0,71.18
2004,4,13,12,30,22.200000000000003,0,0,0,0,0,0,66.66
2004,4,13,13,30,23.200000000000003,411,120,51,411,51,120,59.74
2004,4,13,14,30,24.6,692,360,85,692,85,360,52.17
2004,4,13,15,30,26,821,600,103,372,286,512,45.410000000000004
2004,4,13,16,30,27,892,805,112,425,357,687,42.82
2004,4,13,17,30,27.700000000000003,931,955,117,931,117,955,43.56
2004,4,13,18,30,27.900000000000002,933,1029,129,933,129,1029,44.5
2004,4,13,19,30,27.700000000000003,932,1032,128,549,298,830,46.56
2004,4,13,20,30,27.3,916,960,126,705,188,830,49.800000000000004
2004,4,13,21,30,26.900000000000002,895,822,111,558,237,681,52.7
2004,4,13,22,30,26.5,836,626,100,626,155,549,54.97
2004,4,13,23,30,26,719,389,83,68,202,230,57.18
2004,4,14,0,30,25.200000000000003,471,148,55,5,56,57,60.45
2004,4,14,1,30,24.400000000000002,0,0,0,0,0,0,65.35
2004,4,14,2,30,23.900000000000002,0,0,0,0,0,0,69.94
2004,4,14,3,30,23.6,0,0,0,0,0,0,73.16
2004,4,14,4,30,23.3,0,0,0,0,0,0,75.87
2004,4,14,5,30,23,0,0,0,0,0,0,77.71000000000001
2004,4,14,6,30,22.8,0,0,0,0,0,0,78.56
2004,4,14,7,30,22.6,0,0,0,0,0,0,79.36
2004,4,14,8,30,22.5,0,0,0,0,0,0,79.57000000000001
2004,4,14,9,30,22.5,0,0,0,0,0,0,78.87
2004,4,14,10,30,22.6,0,0,0,0,0,0,77.11
2004,4,14,11,30,22.8,0,0,0,0,0,0,74.27
2004,4,14,12,30,23.200000000000003,0,0,0,0,0,0,69.87
2004,4,14,13,30,24,382,117,52,382,52,117,63.78
2004,4,14,14,30,25.200000000000003,657,350,87,657,87,350,57.31
2004,4,14,15,30,26.400000000000002,785,583,105,785,105,583,53.33
2004,4,14,16,30,27.1,847,779,119,446,336,683,53.19
2004,4,14,17,30,27.400000000000002,881,921,127,709,163,803,52.79
2004,4,14,18,30,27.3,917,1004,117,917,117,1004,53.56
2004,4,14,19,30,27.1,916,1006,117,916,117,1006,55.2
2004,4,14,20,30,26.900000000000002,901,935,113,901,113,935,56.980000000000004
2004,4,14,21,30,26.6,883,802,99,883,99,802,59.050000000000004
2004,4,14,22,30,26.200000000000003,827,610,88,827,88,610,61.4
2004,4,14,23,30,25.700000000000003,720,381,74,720,74,381,64.04
2004,4,15,0,30,25,483,145,49,483,49,145,67.55
2004,4,15,1,30,24.5,0,0,0,0,0,0,70.69
2004,4,15,2,30,24.1,0,0,0,0,0,0,73.37
2004,4,15,3,30,23.900000000000002,0,0,0,0,0,0,75.16
2004,4,15,4,30,23.700000000000003,0,0,0,0,0,0,76.42
2004,4,15,5,30,23.400000000000002,0,0,0,0,0,0,77.61
2004,4,15,6,30,23.200000000000003,0,0,0,0,0,0,77.82000000000001
2004,4,15,7,30,23.1,0,0,0,0,0,0,77.67
2004,4,15,8,30,23,0,0,0,0,0,0,77.62
2004,4,15,9,30,23,0,0,0,0,0,0,77.10000000000001
2004,4,15,10,30,23,0,0,0,0,0,0,76.97
2004,4,15,11,30,22.900000000000002,0,0,0,0,0,0,77.53
2004,4,15,12,30,23.200000000000003,0,0,0,0,0,0,75.99
2004,4,15,13,30,23.900000000000002,447,123,45,66,86,98,72.64
2004,4,15,14,30,25,705,356,72,705,72,356,68.08
2004,4,15,15,30,26.1,824,589,85,824,85,589,63.39
2004,4,15,16,30,27,887,787,93,887,93,787,60.27
2004,4,15,17,30,27.6,921,931,99,921,99,931,59.160000000000004
2004,4,15,18,30,27.700000000000003,924,1005,110,924,110,1005,59.78
2004,4,15,19,30,27.5,924,1009,111,924,111,1009,60.96
2004,4,15,20,30,26.900000000000002,911,939,108,911,108,939,63.63
2004,4,15,21,30,26.5,875,802,104,439,337,686,66.01
2004,4,15,22,30,26.1,813,609,95,813,95,609,68.55
2004,4,15,23,30,25.700000000000003,704,381,80,704,80,381,70.91
2004,4,16,0,30,25.200000000000003,463,145,53,463,53,145,74.05
2004,4,16,1,30,24.6,0,0,0,0,0,0,78.09
2004,4,16,2,30,24.1,0,0,0,0,0,0,81.77
2004,4,16,3,30,23.900000000000002,0,0,0,0,0,0,83.2
2004,4,16,4,30,23.700000000000003,0,0,0,0,0,0,84.24
2004,4,16,5,30,23.6,0,0,0,0,0,0,84.63
2004,4,16,6,30,23.5,0,0,0,0,0,0,85.19
2004,4,16,7,30,23.400000000000002,0,0,0,0,0,0,85.69
2004,4,16,8,30,23.3,0,0,0,0,0,0,86.18
2004,4,16,9,30,23.1,0,0,0,0,0,0,86.95
2004,4,16,10,30,22.900000000000002,0,0,0,0,0,0,87.57000000000001
2004,4,16,11,30,22.700000000000003,0,0,0,0,0,0,87.73
2004,4,16,12,30,22.900000000000002,0,0,0,0,0,0,85.4
2004,4,16,13,30,23.700000000000003,386,121,53,35,89,95,80.09
2004,4,16,14,30,24.700000000000003,660,353,85,660,85,353,74.68
2004,4,16,15,30,25.700000000000003,790,585,100,790,100,585,69.51
2004,4,16,16,30,26.5,865,784,106,865,106,784,64.96000000000001
2004,4,16,17,30,27,904,929,111,904,111,929,62.61
2004,4,16,18,30,27.200000000000003,910,1004,122,910,122,1004,61.81
2004,4,16,19,30,27.200000000000003,911,1008,122,911,122,1008,61.74
2004,4,16,20,30,27,899,940,118,899,118,940,62.300000000000004
2004,4,16,21,30,26.700000000000003,887,808,100,887,100,808,63.21
2004,4,16,22,30,26.3,832,616,90,832,90,616,64.68
2004,4,16,23,30,25.8,724,385,75,724,75,385,66.66
2004,4,17,0,30,25.1,489,148,51,489,51,148,69.44
2004,4,17,1,30,24.700000000000003,0,0,0,0,0,0,71.39
2004,4,17,2,30,24.400000000000002,0,0,0,0,0,0,72.94
2004,4,17,3,30,24.1,0,0,0,0,0,0,74.95
2004,4,17,4,30,23.900000000000002,0,0,0,0,0,0,76.06
2004,4,17,5,30,23.700000000000003,0,0,0,0,0,0,77.06
2004,4,17,6,30,23.5,0,0,0,0,0,0,78.45
2004,4,17,7,30,23.3,0,0,0,0,0,0,80.23
2004,4,17,8,30,23,0,0,0,0,0,0,82.41
2004,4,17,9,30,22.900000000000002,0,0,0,0,0,0,83.21000000000001
2004,4,17,10,30,22.900000000000002,0,0,0,0,0,0,82.91
2004,4,17,11,30,23,0,0,0,0,0,0,81.61
2004,4,17,12,30,23.3,0,0,0,0,0,0,79.18
2004,4,17,13,30,23.900000000000002,420,127,51,79,85,99,75.69
2004,4,17,14,30,24.700000000000003,683,361,81,277,171,284,71
2004,4,17,15,30,25.5,806,593,96,519,202,522,65.76
2004,4,17,16,30,26.1,871,790,106,379,300,598,62.800000000000004
2004,4,17,17,30,26.5,907,934,111,387,352,703,61.86
2004,4,17,18,30,26.8,914,1008,121,295,375,661,61.620000000000005
2004,4,17,19,30,26.900000000000002,915,1011,121,710,168,858,61.33
2004,4,17,20,30,26.8,899,942,119,567,271,790,61.4
2004,4,17,21,30,26.700000000000003,835,797,130,73,346,404,61.410000000000004
2004,4,17,22,30,26.5,773,605,116,153,290,386,61.800000000000004
2004,4,17,23,30,26.200000000000003,659,378,95,266,183,297,62.480000000000004
2004,4,18,0,30,25.6,413,145,61,25,102,107,64.64
2004,4,18,1,30,25,0,0,0,0,0,0,68.14
2004,4,18,2,30,24.400000000000002,0,0,0,0,0,0,72.61
2004,4,18,3,30,24,0,0,0,0,0,0,76.07000000000001
2004,4,18,4,30,23.8,0,0,0,0,0,0,78.05
2004,4,18,5,30,23.700000000000003,0,0,0,0,0,0,78.44
2004,4,18,6,30,23.6,0,0,0,0,0,0,78.06
2004,4,18,7,30,23.400000000000002,0,0,0,0,0,0,78.94
2004,4,18,8,30,23.200000000000003,0,0,0,0,0,0,80.08
2004,4,18,9,30,23.1,0,0,0,0,0,0,80.47
2004,4,18,10,30,23,0,0,0,0,0,0,80.93
2004,4,18,11,30,23,0,0,0,0,0,0,81.12
2004,4,18,12,30,23.400000000000002,0,0,0,0,0,0,78.97
2004,4,18,13,30,24.3,342,124,61,42,90,97,74.44
2004,4,18,14,30,25.5,609,353,102,472,147,341,69.09
2004,4,18,15,30,26.3,738,581,125,30,233,252,66.01
2004,4,18,16,30,26.900000000000002,808,776,139,84,358,425,64.62
2004,4,18,17,30,27.400000000000002,847,917,148,209,404,594,63.31
2004,4,18,18,30,27.700000000000003,828,982,177,457,334,778,62.65
2004,4,18,19,30,27.8,828,985,178,329,400,721,62.57
2004,4,18,20,30,27.700000000000003,809,915,174,292,407,674,63.02
2004,4,18,21,30,27.3,786,782,153,347,321,598,64.53
2004,4,18,22,30,26.8,712,591,140,142,288,377,66.37
2004,4,18,23,30,26.3,585,366,114,13,142,147,68.16
2004,4,19,0,30,25.700000000000003,343,139,69,32,94,101,70.58
2004,4,19,1,30,25.1,0,0,0,0,0,0,73.59
2004,4,19,2,30,24.700000000000003,0,0,0,0,0,0,76.15
2004,4,19,3,30,24.5,0,0,0,0,0,0,77.32000000000001
2004,4,19,4,30,24.3,0,0,0,0,0,0,78.14
2004,4,19,5,30,24.200000000000003,0,0,0,0,0,0,78.37
2004,4,19,6,30,24,0,0,0,0,0,0,79.2
2004,4,19,7,30,23.900000000000002,0,0,0,0,0,0,79.73
2004,4,19,8,30,23.8,0,0,0,0,0,0,80.69
2004,4,19,9,30,23.6,0,0,0,0,0,0,82.48
2004,4,19,10,30,23.5,0,0,0,0,0,0,84.08
2004,4,19,11,30,23.400000000000002,0,0,0,0,0,0,85.33
2004,4,19,12,30,23.6,0,0,0,0,0,0,84.37
2004,4,19,13,30,24.3,275,119,68,275,68,119,80.23
2004,4,19,14,30,25.400000000000002,551,344,115,551,115,344,74.55
2004,4,19,15,30,26.400000000000002,694,570,139,694,139,570,70.42
2004,4,19,16,30,27.1,772,763,153,772,153,763,67.27
2004,4,19,17,30,27.5,816,903,161,816,161,903,65.46000000000001
2004,4,19,18,30,27.6,856,984,151,856,151,984,65.05
2004,4,19,19,30,27.5,855,987,152,855,152,987,65.45
2004,4,19,20,30,27.200000000000003,838,917,149,838,149,917,66.33
2004,4,19,21,30,26.8,769,774,158,769,158,774,67.49
2004,4,19,22,30,26.400000000000002,697,586,143,697,143,586,68.73
2004,4,19,23,30,25.700000000000003,564,362,119,564,119,362,71.31
2004,4,20,0,30,24.900000000000002,311,137,73,311,73,137,74.61
2004,4,20,1,30,24.3,0,0,0,0,0,0,77.44
2004,4,20,2,30,23.900000000000002,0,0,0,0,0,0,79.25
2004,4,20,3,30,23.700000000000003,0,0,0,0,0,0,79.53
2004,4,20,4,30,23.6,0,0,0,0,0,0,79.08
2004,4,20,5,30,23.5,0,0,0,0,0,0,78.75
2004,4,20,6,30,23.5,0,0,0,0,0,0,78.83
2004,4,20,7,30,23.400000000000002,0,0,0,0,0,0,79.89
2004,4,20,8,30,23.3,0,0,0,0,0,0,80.76
2004,4,20,9,30,23.200000000000003,0,0,0,0,0,0,81.39
2004,4,20,10,30,23.200000000000003,0,0,0,0,0,0,81.56
2004,4,20,11,30,23.1,0,0,0,0,0,0,82.60000000000001
2004,4,20,12,30,23.400000000000002,0,0,0,0,0,0,81.89
2004,4,20,13,30,24,292,123,68,2,76,77,79.8
2004,4,20,14,30,24.900000000000002,569,350,112,3,147,148,75.71000000000001
2004,4,20,15,30,25.8,707,576,136,262,312,476,71.57000000000001
2004,4,20,16,30,26.400000000000002,786,770,148,633,217,718,68.93
2004,4,20,17,30,26.900000000000002,833,912,153,833,153,912,66.82000000000001
2004,4,20,18,30,27.1,812,977,186,812,186,977,65.74
2004,4,20,19,30,27.200000000000003,817,981,183,482,410,880,65.01
2004,4,20,20,30,27.1,803,912,176,803,176,912,65.08
2004,4,20,21,30,26.8,809,788,140,600,187,668,65.95
2004,4,20,22,30,26.3,749,599,123,567,199,560,67.57000000000001
2004,4,20,23,30,25.700000000000003,637,375,99,334,169,314,69.51
2004,4,21,0,30,25,408,146,62,57,100,112,72.03
2004,4,21,1,30,24.400000000000002,0,0,0,0,0,0,74.77
2004,4,21,2,30,23.900000000000002,0,0,0,0,0,0,77.51
2004,4,21,3,30,23.6,0,0,0,0,0,0,79.18
2004,4,21,4,30,23.400000000000002,0,0,0,0,0,0,80.03
2004,4,21,5,30,23.200000000000003,0,0,0,0,0,0,80.60000000000001
2004,4,21,6,30,23,0,0,0,0,0,0,80.72
2004,4,21,7,30,22.900000000000002,0,0,0,0,0,0,80.32000000000001
2004,4,21,8,30,22.8,0,0,0,0,0,0,80.37
2004,4,21,9,30,22.8,0,0,0,0,0,0,80.12
2004,4,21,10,30,22.700000000000003,0,0,0,0,0,0,80.63
2004,4,21,11,30,22.700000000000003,0,0,0,0,0,0,80.79
2004,4,21,12,30,23,0,0,0,0,0,0,79.81
2004,4,21,13,30,23.700000000000003,428,137,55,21,95,99,77.06
2004,4,21,14,30,24.700000000000003,683,371,85,683,85,371,72.7
2004,4,21,15,30,25.6,803,602,101,803,101,602,67.74
2004,4,21,16,30,26.400000000000002,869,799,109,350,371,648,62.99
2004,4,21,17,30,27.1,906,941,114,906,114,941,59.800000000000004
2004,4,21,18,30,27.5,932,1020,111,932,111,1020,57.93
2004,4,21,19,30,27.700000000000003,934,1023,110,934,110,1023,56.72
2004,4,21,20,30,27.700000000000003,922,954,107,922,107,954,56.44
2004,4,21,21,30,27.400000000000002,882,815,107,232,414,601,57.17
2004,4,21,22,30,26.900000000000002,822,622,99,256,319,482,58.79
2004,4,21,23,30,26.200000000000003,712,392,84,251,211,319,61.36
2004,4,22,0,30,25.3,476,155,56,476,56,155,65.18
2004,4,22,1,30,24.5,0,0,0,0,0,0,69.58
2004,4,22,2,30,23.900000000000002,0,0,0,0,0,0,73.08
2004,4,22,3,30,23.6,0,0,0,0,0,0,74.13
2004,4,22,4,30,23.3,0,0,0,0,0,0,74.64
2004,4,22,5,30,23.1,0,0,0,0,0,0,74.86
2004,4,22,6,30,22.900000000000002,0,0,0,0,0,0,75.54
2004,4,22,7,30,22.8,0,0,0,0,0,0,75.89
2004,4,22,8,30,22.6,0,0,0,0,0,0,76.63
2004,4,22,9,30,22.5,0,0,0,0,0,0,76.9
2004,4,22,10,30,22.5,0,0,0,0,0,0,76.72
2004,4,22,11,30,22.5,0,0,0,0,0,0,76.57000000000001
2004,4,22,12,30,22.700000000000003,0,0,0,0,0,0,75.96000000000001
2004,4,22,13,30,23.200000000000003,432,142,58,69,101,114,74.65
2004,4,22,14,30,23.8,687,378,88,141,224,283,72.53
2004,4,22,15,30,24.3,805,609,105,380,285,523,69.05
2004,4,22,16,30,25,870,806,115,415,356,686,64.35
2004,4,22,17,30,25.700000000000003,905,949,121,459,395,814,60.27
2004,4,22,18,30,26.200000000000003,906,1021,137,476,420,885,56.6
2004,4,22,19,30,26.3,910,1025,134,499,408,896,54.59
2004,4,22,20,30,26,897,954,130,897,130,954,55.08
2004,4,22,21,30,25.700000000000003,865,815,121,694,200,757,56.45
2004,4,22,22,30,25.3,805,621,108,614,187,579,58.25
2004,4,22,23,30,24.900000000000002,691,391,91,691,91,391,60.160000000000004
2004,4,23,0,30,24.3,448,153,60,32,107,113,63.49
2004,4,23,1,30,23.6,0,0,0,0,0,0,68.05
2004,4,23,2,30,23.200000000000003,0,0,0,0,0,0,71.82000000000001
2004,4,23,3,30,22.900000000000002,0,0,0,0,0,0,74.61
2004,4,23,4,30,22.6,0,0,0,0,0,0,76.66
2004,4,23,5,30,22.400000000000002,0,0,0,0,0,0,77.61
2004,4,23,6,30,22.200000000000003,0,0,0,0,0,0,78.94
2004,4,23,7,30,22.1,0,0,0,0,0,0,79.89
2004,4,23,8,30,22,0,0,0,0,0,0,80.73
2004,4,23,9,30,21.900000000000002,0,0,0,0,0,0,81.05
2004,4,23,10,30,21.8,0,0,0,0,0,0,81.81
2004,4,23,11,30,21.900000000000002,0,0,0,0,0,0,82
2004,4,23,12,30,22.200000000000003,0,0,0,0,0,0,81
2004,4,23,13,30,22.900000000000002,410,140,59,13,95,97,77.54
2004,4,23,14,30,23.8,673,375,90,62,223,249,72.94
2004,4,23,15,30,24.6,797,607,105,290,250,433,68.8
2004,4,23,16,30,25.3,863,803,115,274,400,619,65.54
2004,4,23,17,30,25.900000000000002,902,944,118,167,463,615,63.08
2004,4,23,18,30,26.200000000000003,913,1018,125,913,125,1018,62.03
2004,4,23,19,30,26.3,917,1022,124,917,124,1022,61.9
2004,4,23,20,30,26.3,904,951,120,904,120,951,62.230000000000004
2004,4,23,21,30,26,881,816,107,881,107,816,63.28
2004,4,23,22,30,25.6,826,623,96,826,96,623,64.61
2004,4,23,23,30,24.900000000000002,719,394,81,719,81,394,67.39
2004,4,24,0,30,24.1,487,157,55,487,55,157,71.15
2004,4,24,1,30,23.3,0,0,0,0,0,0,75.55
2004,4,24,2,30,22.8,0,0,0,0,0,0,78.67
2004,4,24,3,30,22.5,0,0,0,0,0,0,79.92
2004,4,24,4,30,22.400000000000002,0,0,0,0,0,0,79.81
2004,4,24,5,30,22.200000000000003,0,0,0,0,0,0,79.85000000000001
2004,4,24,6,30,22,0,0,0,0,0,0,79.96000000000001
2004,4,24,7,30,21.900000000000002,0,0,0,0,0,0,79.81
2004,4,24,8,30,21.900000000000002,0,0,0,0,0,0,79.27
2004,4,24,9,30,21.8,0,0,0,0,0,0,79.54
2004,4,24,10,30,21.8,0,0,0,0,0,0,79.72
2004,4,24,11,30,21.8,0,0,0,0,0,0,79.97
2004,4,24,12,30,22.1,0,0,0,0,0,0,78.34
2004,4,24,13,30,23,451,147,57,14,97,100,73.85000000000001
2004,4,24,14,30,23.8,701,385,86,701,86,385,69.55
2004,4,24,15,30,24.6,816,618,103,57,300,336,65.46000000000001
2004,4,24,16,30,25.3,880,815,113,328,391,653,62.47
2004,4,24,17,30,25.8,920,961,117,920,117,961,60.28
2004,4,24,18,30,26.1,939,1039,119,939,119,1039,59.24
2004,4,24,19,30,26.200000000000003,944,1042,116,944,116,1042,59.4
2004,4,24,20,30,26.1,935,973,112,935,112,973,60.42
2004,4,24,21,30,25.8,894,830,111,894,111,830,61.59
2004,4,24,22,30,25.400000000000002,838,637,101,838,101,637,62.83
2004,4,24,23,30,24.8,729,403,85,729,85,403,64.82000000000001
2004,4,25,0,30,24.1,494,162,58,494,58,162,67.68
2004,4,25,1,30,23.400000000000002,0,0,0,0,0,0,71.33
2004,4,25,2,30,22.900000000000002,0,0,0,0,0,0,74.23
2004,4,25,3,30,22.5,0,0,0,0,0,0,76.34
2004,4,25,4,30,22.3,0,0,0,0,0,0,77.19
2004,4,25,5,30,22.1,0,0,0,0,0,0,77.74
2004,4,25,6,30,22,0,0,0,0,0,0,78.02
2004,4,25,7,30,21.900000000000002,0,0,0,0,0,0,78.38
2004,4,25,8,30,21.8,0,0,0,0,0,0,78.92
2004,4,25,9,30,21.8,0,0,0,0,0,0,78.72
2004,4,25,10,30,21.8,0,0,0,0,0,0,78.4
2004,4,25,11,30,21.8,0,0,0,0,0,0,78.02
2004,4,25,12,30,22,0,0,0,0,0,0,76.86
2004,4,25,13,30,22.6,425,149,63,61,107,119,73.96000000000001
2004,4,25,14,30,23.5,678,387,96,678,96,387,69.74
2004,4,25,15,30,24.5,810,622,110,810,110,622,64.84
2004,4,25,16,30,25.400000000000002,889,825,115,889,115,825,60.04
2004,4,25,17,30,26.200000000000003,930,970,116,930,116,970,56.42
2004,4,25,18,30,26.6,947,1048,120,947,120,1048,55.45
2004,4,25,19,30,26.6,948,1049,119,948,119,1049,56.14
2004,4,25,20,30,26.5,934,977,116,934,116,977,57.19
2004,4,25,21,30,26.200000000000003,911,838,105,911,105,838,58.59
2004,4,25,22,30,25.900000000000002,850,642,97,850,97,642,59.56
2004,4,25,23,30,25.400000000000002,740,407,83,740,83,407,61.08
2004,4,26,0,30,24.8,508,165,57,274,95,153,63.07
2004,4,26,1,30,24.3,0,0,0,0,0,0,65.4
2004,4,26,2,30,24,0,0,0,0,0,0,68.09
2004,4,26,3,30,23.700000000000003,0,0,0,0,0,0,70.71000000000001
2004,4,26,4,30,23.3,0,0,0,0,0,0,72.99
2004,4,26,5,30,23,0,0,0,0,0,0,74.27
2004,4,26,6,30,22.8,0,0,0,0,0,0,74.68
2004,4,26,7,30,22.6,0,0,0,0,0,0,74.73
2004,4,26,8,30,22.5,0,0,0,0,0,0,74.4
2004,4,26,9,30,22.5,0,0,0,0,0,0,73.96000000000001
2004,4,26,10,30,22.5,0,0,0,0,0,0,73.83
2004,4,26,11,30,22.6,0,0,0,0,0,0,73.04
2004,4,26,12,30,22.900000000000002,0,0,0,0,0,0,71.44
2004,4,26,13,30,23.6,485,156,57,67,107,121,68.3
2004,4,26,14,30,24.6,725,397,84,165,228,299,63.93
2004,4,26,15,30,25.6,838,631,99,236,330,480,59.09
2004,4,26,16,30,26.400000000000002,900,829,108,707,193,759,55.52
2004,4,26,17,30,27.1,934,972,113,710,176,829,53.32
2004,4,26,18,30,27.6,957,1049,111,829,111,924,51.81
2004,4,26,19,30,27.700000000000003,960,1053,111,806,176,968,51.92
2004,4,26,20,30,27.400000000000002,944,980,109,279,411,668,53.67
2004,4,26,21,30,26.900000000000002,893,835,115,606,217,705,56.27
2004,4,26,22,30,26.3,824,635,107,824,107,635,59.53
2004,4,26,23,30,25.8,709,402,91,455,157,357,62.38
2004,4,27,0,30,25.3,473,161,61,473,61,161,64.73
2004,4,27,1,30,25,0,0,0,0,0,0,66.52
2004,4,27,2,30,24.8,0,0,0,0,0,0,68.09
2004,4,27,3,30,24.6,0,0,0,0,0,0,69.68
2004,4,27,4,30,24.400000000000002,0,0,0,0,0,0,71.21000000000001
2004,4,27,5,30,24.200000000000003,0,0,0,0,0,0,72.4
2004,4,27,6,30,23.900000000000002,0,0,0,0,0,0,73.87
2004,4,27,7,30,23.700000000000003,0,0,0,0,0,0,74.43
2004,4,27,8,30,23.400000000000002,0,0,0,0,0,0,74.95
2004,4,27,9,30,23.3,0,0,0,0,0,0,74.66
2004,4,27,10,30,23.200000000000003,0,0,0,0,0,0,74.52
2004,4,27,11,30,23.1,0,0,0,0,0,0,74.84
2004,4,27,12,30,23.400000000000002,0,0,0,0,0,0,73.89
2004,4,27,13,30,24.200000000000003,464,154,58,464,58,154,70.88
2004,4,27,14,30,25.400000000000002,694,388,87,694,87,388,64.99
2004,4,27,15,30,26.700000000000003,806,617,105,806,105,617,58.370000000000005
2004,4,27,16,30,27.5,865,810,116,865,116,810,55.36
2004,4,27,17,30,27.900000000000002,899,950,122,899,122,950,54.480000000000004
2004,4,27,18,30,28.1,888,1015,144,888,144,1015,54.53
2004,4,27,19,30,28,888,1018,145,888,145,1018,55.620000000000005
2004,4,27,20,30,27.900000000000002,870,945,142,870,142,945,56.42
2004,4,27,21,30,27.6,906,827,96,906,96,827,57.410000000000004
2004,4,27,22,30,27.3,858,636,86,858,86,636,57.99
2004,4,27,23,30,26.700000000000003,761,406,72,761,72,406,59.83
2004,4,28,0,30,25.900000000000002,551,168,50,551,50,168,62.58
2004,4,28,1,30,25.200000000000003,0,0,0,0,0,0,65.01
2004,4,28,2,30,24.8,0,0,0,0,0,0,66.56
2004,4,28,3,30,24.5,0,0,0,0,0,0,67.66
2004,4,28,4,30,24.400000000000002,0,0,0,0,0,0,68
2004,4,28,5,30,24.200000000000003,0,0,0,0,0,0,68.42
2004,4,28,6,30,23.900000000000002,0,0,0,0,0,0,69.39
2004,4,28,7,30,23.700000000000003,0,0,0,0,0,0,70.05
2004,4,28,8,30,23.5,0,0,0,0,0,0,70.61
2004,4,28,9,30,23.3,0,0,0,0,0,0,71.61
2004,4,28,10,30,23.1,0,0,0,0,0,0,72.79
2004,4,28,11,30,22.900000000000002,0,0,0,0,0,0,73.74
2004,4,28,12,30,23.200000000000003,0,0,0,0,0,0,72.16
2004,4,28,13,30,24.1,510,160,53,510,53,160,68.02
2004,4,28,14,30,25.200000000000003,729,397,79,729,79,397,63.800000000000004
2004,4,28,15,30,26.400000000000002,835,626,94,835,94,626,58.25
2004,4,28,16,30,27.3,897,824,103,897,103,824,54.6
2004,4,28,17,30,28,930,965,108,930,108,965,52.17
2004,4,28,18,30,28.400000000000002,947,1039,108,947,108,1039,51.64
2004,4,28,19,30,28.400000000000002,948,1042,110,948,110,1042,52.79
2004,4,28,20,30,28.3,934,970,107,934,107,970,54.06
2004,4,28,21,30,28,890,827,109,890,109,827,55.71
2004,4,28,22,30,27.400000000000002,826,632,102,826,102,632,58.28
2004,4,28,23,30,26.8,710,401,88,710,88,401,60.660000000000004
2004,4,29,0,30,25.900000000000002,476,163,60,476,60,163,64.34
2004,4,29,1,30,25,0,0,0,0,0,0,68.54
2004,4,29,2,30,24.5,0,0,0,0,0,0,71.66
2004,4,29,3,30,24.1,0,0,0,0,0,0,73.95
2004,4,29,4,30,23.900000000000002,0,0,0,0,0,0,75.15
2004,4,29,5,30,23.700000000000003,0,0,0,0,0,0,76.13
2004,4,29,6,30,23.400000000000002,0,0,0,0,0,0,77.39
2004,4,29,7,30,23.3,0,0,0,0,0,0,77.75
2004,4,29,8,30,23.200000000000003,0,0,0,0,0,0,78.09
2004,4,29,9,30,23.1,0,0,0,0,0,0,78.03
2004,4,29,10,30,23,0,0,0,0,0,0,77.75
2004,4,29,11,30,22.900000000000002,0,0,0,0,0,0,77.46000000000001
2004,4,29,12,30,23.3,0,0,0,0,0,0,74.64
2004,4,29,13,30,24.200000000000003,470,158,58,470,58,158,70.27
2004,4,29,14,30,25.200000000000003,699,393,88,699,88,393,66.77
2004,4,29,15,30,26.3,808,621,104,808,104,621,62.15
2004,4,29,16,30,27.3,870,815,114,870,114,815,57.32
2004,4,29,17,30,27.900000000000002,902,952,120,902,120,952,55.31
2004,4,29,18,30,28.200000000000003,914,1024,125,914,125,1024,54.7
2004,4,29,19,30,28.3,912,1023,125,912,125,1023,54.85
2004,4,29,20,30,28.200000000000003,898,952,122,898,122,952,55.24
2004,4,29,21,30,28,876,817,109,876,109,817,56.08
2004,4,29,22,30,27.5,816,625,100,816,100,625,58.07
2004,4,29,23,30,26.8,708,397,84,708,84,397,60.870000000000005
2004,4,30,0,30,26,490,163,57,490,57,163,64.32000000000001
2004,4,30,1,30,25.200000000000003,0,0,0,0,0,0,67.93
2004,4,30,2,30,24.700000000000003,0,0,0,0,0,0,70.63
2004,4,30,3,30,24.400000000000002,0,0,0,0,0,0,72.03
2004,4,30,4,30,24.200000000000003,0,0,0,0,0,0,73.21000000000001
2004,4,30,5,30,24,0,0,0,0,0,0,74.85000000000001
2004,4,30,6,30,23.8,0,0,0,0,0,0,76.5
2004,4,30,7,30,23.6,0,0,0,0,0,0,78.04
2004,4,30,8,30,23.5,0,0,0,0,0,0,78.97
2004,4,30,9,30,23.400000000000002,0,0,0,0,0,0,79.47
2004,4,30,10,30,23.3,0,0,0,0,0,0,79.42
2004,4,30,11,30,23.3,0,0,0,0,0,0,78.68
2004,4,30,12,30,23.700000000000003,0,0,0,0,0,0,75.99
2004,4,30,13,30,24.6,479,160,58,479,58,160,71.57000000000001
2004,4,30,14,30,25.700000000000003,709,396,85,709,85,396,66.71000000000001
2004,4,30,15,30,26.8,823,628,100,823,100,628,61.230000000000004
2004,4,30,16,30,27.8,883,822,109,883,109,822,55.480000000000004
2004,4,30,17,30,28.5,917,962,114,917,114,962,53.2
2004,4,30,18,30,28.8,940,1037,112,940,112,1037,53.160000000000004
2004,4,30,19,30,28.900000000000002,941,1038,111,941,111,1038,53.1
2004,4,30,20,30,28.8,929,968,109,495,380,838,52.94
2004,4,30,21,30,28.6,902,832,103,902,103,832,52.75
2004,4,30,22,30,28.3,852,641,92,349,304,529,52.85
2004,4,30,23,30,27.700000000000003,756,411,76,437,188,381,53.89
2004,5,1,0,30,26.900000000000002,540,171,53,540,53,171,56.33
2004,5,1,1,30,26.1,0,0,0,0,0,0,59.93
2004,5,1,2,30,25.5,0,0,0,0,0,0,63.49
2004,5,1,3,30,25.200000000000003,0,0,0,0,0,0,65.17
2004,5,1,4,30,25,0,0,0,0,0,0,65.82000000000001
2004,5,1,5,30,24.700000000000003,0,0,0,0,0,0,67.82000000000001
2004,5,1,6,30,24.5,0,0,0,0,0,0,69.82000000000001
2004,5,1,7,30,24.3,0,0,0,0,0,0,71.33
2004,5,1,8,30,24.200000000000003,0,0,0,0,0,0,71.75
2004,5,1,9,30,24,0,0,0,0,0,0,72.55
2004,5,1,10,30,24,0,0,0,0,0,0,72.43
2004,5,1,11,30,23.900000000000002,0,0,0,0,0,0,72.61
2004,5,1,12,30,24.200000000000003,0,0,0,0,0,0,71.26
2004,5,1,13,30,24.900000000000002,529,168,54,529,54,168,68.25
2004,5,1,14,30,26,748,408,78,748,78,408,62.910000000000004
2004,5,1,15,30,27.200000000000003,853,640,92,853,92,640,55.4
2004,5,1,16,30,28.1,909,835,101,909,101,835,50.33
2004,5,1,17,30,28.8,941,977,107,941,107,977,47.13
2004,5,1,18,30,29.200000000000003,962,1055,107,962,107,1055,45.9
2004,5,1,19,30,29.3,962,1055,107,962,107,1055,45.87
2004,5,1,20,30,29.200000000000003,951,984,104,951,104,984,46.14
2004,5,1,21,30,29,924,845,97,924,97,845,46.81
2004,5,1,22,30,28.6,871,651,90,871,90,651,48.26
2004,5,1,23,30,27.900000000000002,770,418,76,770,76,418,50.86
2004,5,2,0,30,27.1,556,175,53,556,53,175,54.49
2004,5,2,1,30,26.1,0,0,0,0,0,0,60.19
2004,5,2,2,30,25.5,0,0,0,0,0,0,64.96000000000001
2004,5,2,3,30,25.1,0,0,0,0,0,0,67.89
2004,5,2,4,30,24.8,0,0,0,0,0,0,69.16
2004,5,2,5,30,24.5,0,0,0,0,0,0,69.51
2004,5,2,6,30,24.3,0,0,0,0,0,0,68.82000000000001
2004,5,2,7,30,24.200000000000003,0,0,0,0,0,0,67.46000000000001
2004,5,2,8,30,24,0,0,0,0,0,0,66.66
2004,5,2,9,30,23.8,0,0,0,0,0,0,66.41
2004,5,2,10,30,23.6,0,0,0,0,0,0,66.88
2004,5,2,11,30,23.5,0,0,0,0,0,0,67.74
2004,5,2,12,30,24,0,0,0,0,0,0,66.14
2004,5,2,13,30,25.200000000000003,501,167,57,48,114,124,61.25
2004,5,2,14,30,26.8,718,404,86,718,86,404,54.35
2004,5,2,15,30,28.3,825,634,103,825,103,634,47.77
2004,5,2,16,30,29.400000000000002,884,828,113,884,113,828,45.87
2004,5,2,17,30,30.1,918,968,118,918,118,968,44.52
2004,5,2,18,30,30.400000000000002,926,1038,126,926,126,1038,43.52
2004,5,2,19,30,30.3,929,1040,124,929,124,1040,43.88
2004,5,2,20,30,30,916,968,120,916,120,968,45.21
2004,5,2,21,30,29.400000000000002,892,831,109,892,109,831,47.94
2004,5,2,22,30,28.8,835,638,99,835,99,638,50.93
2004,5,2,23,30,28.1,730,408,83,730,83,408,54.24
2004,5,3,0,30,27.3,508,169,57,508,57,169,58.07
2004,5,3,1,30,26.5,0,0,0,0,0,0,62.67
2004,5,3,2,30,26,0,0,0,0,0,0,66.96000000000001
2004,5,3,3,30,25.6,0,0,0,0,0,0,69.94
2004,5,3,4,30,25.3,0,0,0,0,0,0,71.61
2004,5,3,5,30,25.1,0,0,0,0,0,0,72.45
2004,5,3,6,30,24.8,0,0,0,0,0,0,73.43
2004,5,3,7,30,24.700000000000003,0,0,0,0,0,0,73.38
2004,5,3,8,30,24.5,0,0,0,0,0,0,73.51
2004,5,3,9,30,24.5,0,0,0,0,0,0,72.86
2004,5,3,10,30,24.400000000000002,0,0,0,0,0,0,72.85000000000001
2004,5,3,11,30,24.400000000000002,0,0,0,0,0,0,72.53
2004,5,3,12,30,24.900000000000002,0,0,0,0,0,0,68.83
2004,5,3,13,30,26.200000000000003,403,159,70,403,70,159,61.45
2004,5,3,14,30,27.700000000000003,634,389,107,634,107,389,52.99
2004,5,3,15,30,29,752,613,127,752,127,613,49.82
2004,5,3,16,30,29.8,820,803,140,820,140,803,47.67
2004,5,3,17,30,30.200000000000003,860,942,145,860,145,942,47.64
2004,5,3,18,30,30.200000000000003,900,1019,132,900,132,1019,48.44
2004,5,3,19,30,30,901,1021,133,901,133,1021,49.230000000000004
2004,5,3,20,30,29.5,889,952,128,889,128,952,50.99
2004,5,3,21,30,29,859,817,121,859,121,817,53.38
2004,5,3,22,30,28.400000000000002,805,627,107,805,107,627,56.06
2004,5,3,23,30,27.8,708,403,87,708,87,403,58.25
2004,5,4,0,30,27.1,497,168,58,497,58,168,60.68
2004,5,4,1,30,26.5,0,0,0,0,0,0,63.160000000000004
2004,5,4,2,30,26.1,0,0,0,0,0,0,65.76
2004,5,4,3,30,25.900000000000002,0,0,0,0,0,0,67.02
2004,5,4,4,30,25.700000000000003,0,0,0,0,0,0,67.54
2004,5,4,5,30,25.5,0,0,0,0,0,0,67.89
2004,5,4,6,30,25.3,0,0,0,0,0,0,67.7
2004,5,4,7,30,25.1,0,0,0,0,0,0,67.83
2004,5,4,8,30,25,0,0,0,0,0,0,67.7
2004,5,4,9,30,24.8,0,0,0,0,0,0,68.08
2004,5,4,10,30,24.700000000000003,0,0,0,0,0,0,67.91
2004,5,4,11,30,24.700000000000003,0,0,0,0,0,0,67.02
2004,5,4,12,30,25,0,0,0,0,0,0,64.9
2004,5,4,13,30,26,536,172,52,536,52,172,60.54
2004,5,4,14,30,27.3,741,406,75,741,75,406,56.120000000000005
2004,5,4,15,30,28.400000000000002,842,633,88,842,88,633,52.36
2004,5,4,16,30,29.200000000000003,898,824,96,898,96,824,50.59
2004,5,4,17,30,29.700000000000003,929,962,100,929,100,962,49.46
2004,5,4,18,30,30,919,1028,121,919,121,1028,49.11
2004,5,4,19,30,30.1,921,1029,120,921,120,1029,49.17
2004,5,4,20,30,30.1,908,957,116,908,116,957,49.230000000000004
2004,5,4,21,30,29.900000000000002,876,820,110,876,110,820,49.83
2004,5,4,22,30,29.5,822,630,98,822,98,630,51.230000000000004
2004,5,4,23,30,28.900000000000002,724,404,81,724,81,404,53.11
2004,5,5,0,30,28.200000000000003,512,169,55,512,55,169,54.99
2004,5,5,1,30,27.400000000000002,0,0,0,0,0,0,58.07
2004,5,5,2,30,27,0,0,0,0,0,0,60.870000000000005
2004,5,5,3,30,26.700000000000003,0,0,0,0,0,0,62.71
2004,5,5,4,30,26.400000000000002,0,0,0,0,0,0,64.12
2004,5,5,5,30,26.200000000000003,0,0,0,0,0,0,65.41
2004,5,5,6,30,25.900000000000002,0,0,0,0,0,0,67.02
2004,5,5,7,30,25.6,0,0,0,0,0,0,68.4
2004,5,5,8,30,25.5,0,0,0,0,0,0,68.66
2004,5,5,9,30,25.3,0,0,0,0,0,0,68.97
2004,5,5,10,30,25.200000000000003,0,0,0,0,0,0,68.7
2004,5,5,11,30,25.3,0,0,0,0,0,0,67.21000000000001
2004,5,5,12,30,25.700000000000003,0,0,0,0,0,0,64.62
2004,5,5,13,30,26.700000000000003,457,164,61,457,61,164,60.65
2004,5,5,14,30,27.700000000000003,658,390,95,658,95,390,57.47
2004,5,5,15,30,28.6,753,609,121,117,339,415,55.4
2004,5,5,16,30,29.3,807,794,139,807,139,794,52.980000000000004
2004,5,5,17,30,29.8,838,928,150,838,150,928,51.27
2004,5,5,18,30,30.200000000000003,884,1006,133,884,133,1006,49.71
2004,5,5,19,30,30.3,885,1006,132,885,132,1006,48.78
2004,5,5,20,30,30.400000000000002,877,939,125,877,125,939,47.82
2004,5,5,21,30,30.400000000000002,832,803,127,832,127,803,47.22
2004,5,5,22,30,30.3,784,618,110,784,110,618,46.61
2004,5,5,23,30,29.900000000000002,684,395,89,684,89,395,47.050000000000004
2004,5,6,0,30,29.1,471,166,60,471,60,166,49.69
2004,5,6,1,30,28.3,0,0,0,0,0,0,53.54
2004,5,6,2,30,27.6,0,0,0,0,0,0,58.230000000000004
2004,5,6,3,30,27.1,0,0,0,0,0,0,62.49
2004,5,6,4,30,26.700000000000003,0,0,0,0,0,0,66.62
2004,5,6,5,30,26.400000000000002,0,0,0,0,0,0,70.3
2004,5,6,6,30,26.1,0,0,0,0,0,0,74.08
2004,5,6,7,30,26,0,0,0,0,0,0,77.19
2004,5,6,8,30,25.900000000000002,0,0,0,0,0,0,80.07000000000001
2004,5,6,9,30,25.8,0,0,0,0,0,0,81.89
2004,5,6,10,30,25.700000000000003,0,0,0,0,0,0,82.77
2004,5,6,11,30,25.700000000000003,0,0,0,0,0,0,82.51
2004,5,6,12,30,26,0,0,0,0,0,0,80.25
2004,5,6,13,30,27,490,170,59,490,59,170,73.97
2004,5,6,14,30,28.5,713,403,83,713,83,403,62.63
2004,5,6,15,30,29.900000000000002,821,629,96,821,96,629,52.02
2004,5,6,16,30,30.700000000000003,880,820,104,880,104,820,48.34
2004,5,6,17,30,31.200000000000003,914,957,109,460,389,817,46.56
2004,5,6,18,30,31.5,907,1022,126,907,126,1022,44.97
2004,5,6,19,30,31.700000000000003,914,1026,123,914,123,1026,43.79
2004,5,6,20,30,31.700000000000003,906,957,116,906,116,957,43.15
2004,5,6,21,30,31.6,887,825,104,887,104,825,42.74
2004,5,6,22,30,31.3,840,637,92,840,92,637,43.1
2004,5,6,23,30,30.8,745,411,77,745,77,411,44.4
2004,5,7,0,30,29.900000000000002,546,176,53,546,53,176,47.5
2004,5,7,1,30,28.8,0,0,0,0,0,0,52.160000000000004
2004,5,7,2,30,28,0,0,0,0,0,0,57.21
2004,5,7,3,30,27.400000000000002,0,0,0,0,0,0,61.83
2004,5,7,4,30,27,0,0,0,0,0,0,65.19
2004,5,7,5,30,26.700000000000003,0,0,0,0,0,0,67.26
2004,5,7,6,30,26.3,0,0,0,0,0,0,69.09
2004,5,7,7,30,26.1,0,0,0,0,0,0,69.63
2004,5,7,8,30,25.8,0,0,0,0,0,0,70.29
2004,5,7,9,30,25.6,0,0,0,0,0,0,70.13
2004,5,7,10,30,25.400000000000002,0,0,0,0,0,0,69.47
2004,5,7,11,30,25.400000000000002,0,0,0,0,0,0,67.61
2004,5,7,12,30,25.900000000000002,0,0,0,0,0,0,63.63
2004,5,7,13,30,27.200000000000003,548,178,53,548,53,178,57.5
2004,5,7,14,30,28.700000000000003,758,416,74,758,74,416,52.68
2004,5,7,15,30,30,859,645,86,859,86,645,47.15
2004,5,7,16,30,30.8,911,834,93,911,93,834,43.84
2004,5,7,17,30,31.3,942,973,98,942,98,973,42.7
2004,5,7,18,30,31.6,952,1043,102,952,102,1043,41.68
2004,5,7,19,30,31.6,952,1043,102,952,102,1043,41.410000000000004
2004,5,7,20,30,31.5,940,972,100,940,100,972,41.46
2004,5,7,21,30,31.200000000000003,899,831,100,899,100,831,42.35
2004,5,7,22,30,30.8,850,642,90,850,90,642,43.82
2004,5,7,23,30,30.200000000000003,754,415,76,754,76,415,46.31
2004,5,8,0,30,29.3,552,178,53,552,53,178,50.1
2004,5,8,1,30,28.200000000000003,0,0,0,0,0,0,55.58
2004,5,8,2,30,27.5,0,0,0,0,0,0,61.02
2004,5,8,3,30,27,0,0,0,0,0,0,65.08
2004,5,8,4,30,26.5,0,0,0,0,0,0,69.13
2004,5,8,5,30,26,0,0,0,0,0,0,73.51
2004,5,8,6,30,25.6,0,0,0,0,0,0,78.04
2004,5,8,7,30,25.3,0,0,0,0,0,0,82.02
2004,5,8,8,30,24.900000000000002,0,0,0,0,0,0,85.44
2004,5,8,9,30,24.6,0,0,0,0,0,0,87.38
2004,5,8,10,30,24.6,0,0,0,0,0,0,86.71000000000001
2004,5,8,11,30,24.6,0,0,0,0,0,0,85.23
2004,5,8,12,30,25.1,0,0,0,0,0,0,81.33
2004,5,8,13,30,26.3,558,181,53,558,53,181,74.05
2004,5,8,14,30,27.6,766,419,73,766,73,419,64.92
2004,5,8,15,30,28.8,865,648,84,865,84,648,55.980000000000004
2004,5,8,16,30,29.6,919,840,91,919,91,840,50.77
2004,5,8,17,30,30.1,949,977,95,949,95,977,48.64
2004,5,8,18,30,30.400000000000002,960,1048,98,960,98,1048,47.57
2004,5,8,19,30,30.400000000000002,961,1048,98,961,98,1048,47.27
2004,5,8,20,30,30.400000000000002,952,979,95,952,95,979,46.660000000000004
2004,5,8,21,30,30.200000000000003,921,840,92,921,92,840,46.69
2004,5,8,22,30,29.8,874,651,83,421,282,555,47.92
2004,5,8,23,30,29.200000000000003,778,422,71,778,71,422,49.79
2004,5,9,0,30,28.3,579,183,51,579,51,183,53.02
2004,5,9,1,30,27.3,0,0,0,0,0,0,58.480000000000004
2004,5,9,2,30,26.6,0,0,0,0,0,0,64.52
2004,5,9,3,30,26.1,0,0,0,0,0,0,69.13
2004,5,9,4,30,25.700000000000003,0,0,0,0,0,0,71.7
2004,5,9,5,30,25.3,0,0,0,0,0,0,73.60000000000001
2004,5,9,6,30,25,0,0,0,0,0,0,74.38
2004,5,9,7,30,24.8,0,0,0,0,0,0,74.49
2004,5,9,8,30,24.6,0,0,0,0,0,0,74.54
2004,5,9,9,30,24.5,0,0,0,0,0,0,73.62
2004,5,9,10,30,24.400000000000002,0,0,0,0,0,0,72.17
2004,5,9,11,30,24.400000000000002,0,0,0,0,0,0,70.49
2004,5,9,12,30,24.8,0,0,0,0,0,0,67.23
2004,5,9,13,30,25.8,568,184,52,3,88,88,61.89
2004,5,9,14,30,26.900000000000002,766,421,73,151,236,304,56.69
2004,5,9,15,30,27.900000000000002,862,648,85,862,85,648,52.76
2004,5,9,16,30,28.8,916,839,92,916,92,839,49.68
2004,5,9,17,30,29.5,947,977,96,947,96,977,47.980000000000004
2004,5,9,18,30,30,952,1046,104,952,104,1046,46.36
2004,5,9,19,30,30.1,954,1048,105,954,105,1048,46.29
2004,5,9,20,30,30,940,976,102,940,102,976,47.17
2004,5,9,21,30,29.8,917,839,93,917,93,839,48.49
2004,5,9,22,30,29.400000000000002,869,649,83,869,83,649,50.04
2004,5,9,23,30,28.900000000000002,779,421,70,779,70,421,51.550000000000004
2004,5,10,0,30,28.1,587,184,49,587,49,184,54.550000000000004
2004,5,10,1,30,27.200000000000003,0,0,0,0,0,0,59.04
2004,5,10,2,30,26.400000000000002,0,0,0,0,0,0,64.37
2004,5,10,3,30,26,0,0,0,0,0,0,67.67
2004,5,10,4,30,25.8,0,0,0,0,0,0,68.68
2004,5,10,5,30,25.6,0,0,0,0,0,0,69.10000000000001
2004,5,10,6,30,25.400000000000002,0,0,0,0,0,0,69.15
2004,5,10,7,30,25.3,0,0,0,0,0,0,68.96000000000001
2004,5,10,8,30,25,0,0,0,0,0,0,69.87
2004,5,10,9,30,24.5,0,0,0,0,0,0,72.58
2004,5,10,10,30,24.1,0,0,0,0,0,0,75.02
2004,5,10,11,30,23.8,0,0,0,0,0,0,76.21000000000001
2004,5,10,12,30,24.1,0,0,0,0,0,0,74.19
2004,5,10,13,30,25,554,182,53,111,117,142,69.56
2004,5,10,14,30,26.3,756,418,74,756,74,418,63.71
2004,5,10,15,30,27.400000000000002,854,644,85,854,85,644,57.2
2004,5,10,16,30,28.3,908,833,92,908,92,833,52.9
2004,5,10,17,30,28.8,941,972,96,941,96,972,51.95
2004,5,10,18,30,29.200000000000003,956,1043,97,956,97,1043,51.25
2004,5,10,19,30,29.3,959,1046,96,959,96,1046,50.81
2004,5,10,20,30,29.3,947,974,94,947,94,974,50.29
2004,5,10,21,30,29.1,920,839,90,920,90,839,50.38
2004,5,10,22,30,28.8,869,648,82,869,82,648,51.24
2004,5,10,23,30,28.200000000000003,776,421,70,776,70,421,53.26
2004,5,11,0,30,27.3,583,185,50,583,50,185,56.97
2004,5,11,1,30,26.400000000000002,0,0,0,0,0,0,62.7
2004,5,11,2,30,25.700000000000003,0,0,0,0,0,0,68.9
2004,5,11,3,30,25.3,0,0,0,0,0,0,72.96000000000001
2004,5,11,4,30,25,0,0,0,0,0,0,75.2
2004,5,11,5,30,24.700000000000003,0,0,0,0,0,0,76.35000000000001
2004,5,11,6,30,24.400000000000002,0,0,0,0,0,0,77.09
2004,5,11,7,30,24.1,0,0,0,0,0,0,77.67
2004,5,11,8,30,23.900000000000002,0,0,0,0,0,0,77.62
2004,5,11,9,30,23.700000000000003,0,0,0,0,0,0,77.22
2004,5,11,10,30,23.6,0,0,0,0,0,0,76.2
2004,5,11,11,30,23.5,0,0,0,0,0,0,74.93
2004,5,11,12,30,24.1,0,0,0,0,0,0,70.37
2004,5,11,13,30,25.200000000000003,575,186,51,575,51,186,64.8
2004,5,11,14,30,26.400000000000002,771,423,72,771,72,423,60.54
2004,5,11,15,30,27.5,864,649,84,864,84,649,55.300000000000004
2004,5,11,16,30,28.400000000000002,916,839,91,916,91,839,51.9
2004,5,11,17,30,28.900000000000002,946,975,95,946,95,975,50.6
2004,5,11,18,30,29.3,941,1041,109,941,109,1041,49.85
2004,5,11,19,30,29.400000000000002,941,1041,110,941,110,1041,49.800000000000004
2004,5,11,20,30,29.400000000000002,925,967,107,925,107,967,49.49
2004,5,11,21,30,29.1,896,831,101,896,101,831,50.02
2004,5,11,22,30,28.700000000000003,841,642,93,841,93,642,51.44
2004,5,11,23,30,27.900000000000002,742,416,79,742,79,416,54.49
2004,5,12,0,30,27.1,536,181,56,536,56,181,58.230000000000004
2004,5,12,1,30,26.200000000000003,0,0,0,0,0,0,63.04
2004,5,12,2,30,25.6,0,0,0,0,0,0,66.7
2004,5,12,3,30,25.3,0,0,0,0,0,0,68.73
2004,5,12,4,30,25,0,0,0,0,0,0,70.58
2004,5,12,5,30,24.8,0,0,0,0,0,0,71.23
2004,5,12,6,30,24.6,0,0,0,0,0,0,70.86
2004,5,12,7,30,24.3,0,0,0,0,0,0,70.24
2004,5,12,8,30,24.200000000000003,0,0,0,0,0,0,69.28
2004,5,12,9,30,24.1,0,0,0,0,0,0,69.12
2004,5,12,10,30,24.200000000000003,0,0,0,0,0,0,68.53
2004,5,12,11,30,24.200000000000003,0,0,0,0,0,0,67.97
2004,5,12,12,30,24.6,0,0,0,0,0,0,65.69
2004,5,12,13,30,25.200000000000003,527,183,58,527,58,183,62.76
2004,5,12,14,30,26.1,731,416,81,731,81,416,59.06
2004,5,12,15,30,27.200000000000003,837,642,93,837,93,642,53.89
2004,5,12,16,30,28.3,899,833,98,899,98,833,48.71
2004,5,12,17,30,29.200000000000003,932,969,102,932,102,969,45.22
2004,5,12,18,30,29.6,953,1043,100,953,100,1043,44.52
2004,5,12,19,30,29.6,953,1043,99,658,244,896,44.97
2004,5,12,20,30,29.400000000000002,939,972,98,706,168,824,45.96
2004,5,12,21,30,28.900000000000002,889,831,106,708,185,762,47.62
2004,5,12,22,30,28.400000000000002,832,641,98,832,98,641,49.160000000000004
2004,5,12,23,30,27.700000000000003,730,415,84,730,84,415,51.36
2004,5,13,0,30,26.900000000000002,525,182,59,122,118,146,54.15
2004,5,13,1,30,26.200000000000003,0,0,0,0,0,0,57.300000000000004
2004,5,13,2,30,25.6,0,0,0,0,0,0,60.550000000000004
2004,5,13,3,30,25.200000000000003,0,0,0,0,0,0,64.15
2004,5,13,4,30,24.900000000000002,0,0,0,0,0,0,67.27
2004,5,13,5,30,24.6,0,0,0,0,0,0,69.24
2004,5,13,6,30,24.400000000000002,0,0,0,0,0,0,70.14
2004,5,13,7,30,24.200000000000003,0,0,0,0,0,0,70.93
2004,5,13,8,30,24,0,0,0,0,0,0,71.69
2004,5,13,9,30,23.8,0,0,0,0,0,0,71.73
2004,5,13,10,30,23.700000000000003,0,0,0,0,0,0,70.66
2004,5,13,11,30,23.6,0,0,0,0,0,0,69.57000000000001
2004,5,13,12,30,24.1,0,0,0,0,0,0,66.04
2004,5,13,13,30,25.1,557,188,56,557,56,188,60.71
2004,5,13,14,30,26.200000000000003,759,425,77,759,77,425,55.86
2004,5,13,15,30,27.1,860,654,90,860,90,654,51.43
2004,5,13,16,30,28,918,848,97,918,97,848,48.01
2004,5,13,17,30,28.700000000000003,948,985,102,948,102,985,45.64
2004,5,13,18,30,29,943,1053,119,943,119,1053,45.160000000000004
2004,5,13,19,30,29.1,944,1053,118,944,118,1053,45.02
2004,5,13,20,30,29.1,933,983,114,933,114,983,44.63
2004,5,13,21,30,29,921,852,100,921,100,852,44.52
2004,5,13,22,30,28.700000000000003,870,660,91,870,91,660,45
2004,5,13,23,30,28.200000000000003,779,432,77,779,77,432,46.24
2004,5,14,0,30,27.400000000000002,582,192,55,582,55,192,48.86
2004,5,14,1,30,26.5,0,0,0,0,0,0,52.52
2004,5,14,2,30,25.8,0,0,0,0,0,0,56.36
2004,5,14,3,30,25.400000000000002,0,0,0,0,0,0,59.59
2004,5,14,4,30,25,0,0,0,0,0,0,62.980000000000004
2004,5,14,5,30,24.8,0,0,0,0,0,0,65.39
2004,5,14,6,30,24.5,0,0,0,0,0,0,67.92
2004,5,14,7,30,24.3,0,0,0,0,0,0,69.51
2004,5,14,8,30,24.200000000000003,0,0,0,0,0,0,70.24
2004,5,14,9,30,24,0,0,0,0,0,0,70.73
2004,5,14,10,30,23.900000000000002,0,0,0,0,0,0,70.17
2004,5,14,11,30,23.700000000000003,0,0,0,0,0,0,70.05
2004,5,14,12,30,24.1,0,0,0,0,0,0,67.36
2004,5,14,13,30,25,574,193,56,118,122,151,63.440000000000005
2004,5,14,14,30,26.200000000000003,773,433,78,773,78,433,58.81
2004,5,14,15,30,27.400000000000002,870,661,90,349,311,540,52.61
2004,5,14,16,30,28.3,924,853,97,924,97,853,48.63
2004,5,14,17,30,28.900000000000002,956,994,102,956,102,994,48.29
2004,5,14,18,30,29.1,964,1064,108,964,108,1064,49.230000000000004
2004,5,14,19,30,29.200000000000003,964,1064,109,964,109,1064,49.39
2004,5,14,20,30,29.3,952,991,106,952,106,991,49.09
2004,5,14,21,30,29.1,915,851,104,717,152,737,49.58
2004,5,14,22,30,28.8,860,659,96,655,167,596,50.59
2004,5,14,23,30,28.200000000000003,759,430,83,759,83,430,52.89
2004,5,15,0,30,27.400000000000002,547,189,59,547,59,189,56.46
2004,5,15,1,30,26.6,0,0,0,0,0,0,60.97
2004,5,15,2,30,25.900000000000002,0,0,0,0,0,0,65.83
2004,5,15,3,30,25.5,0,0,0,0,0,0,69.05
2004,5,15,4,30,25.200000000000003,0,0,0,0,0,0,70.89
2004,5,15,5,30,24.900000000000002,0,0,0,0,0,0,72.14
2004,5,15,6,30,24.700000000000003,0,0,0,0,0,0,72.19
2004,5,15,7,30,24.5,0,0,0,0,0,0,72.03
2004,5,15,8,30,24.400000000000002,0,0,0,0,0,0,71.76
2004,5,15,9,30,24.3,0,0,0,0,0,0,71.08
2004,5,15,10,30,24.200000000000003,0,0,0,0,0,0,70.93
2004,5,15,11,30,24.200000000000003,0,0,0,0,0,0,70.34
2004,5,15,12,30,24.900000000000002,0,0,0,0,0,0,66.35
2004,5,15,13,30,26.3,523,188,62,523,62,188,59.59
2004,5,15,14,30,27.8,730,423,87,730,87,423,53.84
2004,5,15,15,30,29,829,646,101,829,101,646,49.480000000000004
2004,5,15,16,30,29.700000000000003,884,835,111,884,111,835,48.29
2004,5,15,17,30,30,910,968,119,402,430,805,48.27
2004,5,15,18,30,30,915,1035,129,915,129,1035,49.160000000000004
2004,5,15,19,30,29.8,910,1032,130,769,192,954,50.77
2004,5,15,20,30,29.5,893,960,128,699,181,832,52.46
2004,5,15,21,30,29.200000000000003,860,824,122,860,122,824,53.58
2004,5,15,22,30,28.8,805,638,110,805,110,638,54.5
2004,5,15,23,30,28.200000000000003,702,414,93,702,93,414,55.86
2004,5,16,0,30,27.5,498,182,64,498,64,182,57.92
2004,5,16,1,30,26.700000000000003,0,0,0,0,0,0,61.690000000000005
2004,5,16,2,30,26.1,0,0,0,0,0,0,65.64
2004,5,16,3,30,25.700000000000003,0,0,0,0,0,0,68.47
2004,5,16,4,30,25.400000000000002,0,0,0,0,0,0,70.14
2004,5,16,5,30,25.1,0,0,0,0,0,0,71.31
2004,5,16,6,30,24.8,0,0,0,0,0,0,72.31
2004,5,16,7,30,24.5,0,0,0,0,0,0,73.08
2004,5,16,8,30,24.3,0,0,0,0,0,0,73.3
2004,5,16,9,30,24.200000000000003,0,0,0,0,0,0,72.93
2004,5,16,10,30,24.1,0,0,0,0,0,0,72.56
2004,5,16,11,30,24.1,0,0,0,0,0,0,71.86
2004,5,16,12,30,24.6,47,11,10,47,10,11,69.37
2004,5,16,13,30,25.8,513,186,63,513,63,186,64.3
2004,5,16,14,30,27.1,714,418,89,714,89,418,59.27
2004,5,16,15,30,28.1,816,642,105,816,105,642,54.95
2004,5,16,16,30,28.700000000000003,872,830,115,872,115,830,52.730000000000004
2004,5,16,17,30,29.1,906,967,121,906,121,967,51.94
2004,5,16,18,30,29.200000000000003,932,1041,117,932,117,1041,51.800000000000004
2004,5,16,19,30,29.3,936,1043,115,936,115,1043,51.42
2004,5,16,20,30,29.1,928,975,111,928,111,975,51.93
2004,5,16,21,30,28.900000000000002,904,843,103,904,103,843,52.75
2004,5,16,22,30,28.5,851,653,94,851,94,653,53.980000000000004
2004,5,16,23,30,28,757,427,80,757,80,427,55.32
2004,5,17,0,30,27.3,561,191,57,561,57,191,57.29
2004,5,17,1,30,26.6,0,0,0,0,0,0,59.7
2004,5,17,2,30,26.1,0,0,0,0,0,0,62.14
2004,5,17,3,30,25.700000000000003,0,0,0,0,0,0,64.02
2004,5,17,4,30,25.5,0,0,0,0,0,0,64.52
2004,5,17,5,30,25.3,0,0,0,0,0,0,64.63
2004,5,17,6,30,25.1,0,0,0,0,0,0,64.73
2004,5,17,7,30,24.8,0,0,0,0,0,0,65.38
2004,5,17,8,30,24.6,0,0,0,0,0,0,65.77
2004,5,17,9,30,24.5,0,0,0,0,0,0,65.65
2004,5,17,10,30,24.400000000000002,0,0,0,0,0,0,65.33
2004,5,17,11,30,24.3,0,0,0,0,0,0,64.89
2004,5,17,12,30,24.700000000000003,69,12,11,0,5,5,62.49
2004,5,17,13,30,25.700000000000003,571,196,57,65,128,144,58.120000000000005
2004,5,17,14,30,26.900000000000002,767,434,80,289,223,356,53.69
2004,5,17,15,30,27.900000000000002,864,662,92,402,296,561,50.02
2004,5,17,16,30,28.6,917,852,101,412,374,711,47.32
2004,5,17,17,30,29.1,946,989,106,946,106,989,46.160000000000004
2004,5,17,18,30,29.400000000000002,953,1058,113,953,113,1058,46.06
2004,5,17,19,30,29.400000000000002,953,1057,113,575,368,938,46.76
2004,5,17,20,30,29.400000000000002,939,986,110,939,110,986,47.18
2004,5,17,21,30,29.200000000000003,915,850,102,915,102,850,47.63
2004,5,17,22,30,29,862,660,93,862,93,660,48.050000000000004
2004,5,17,23,30,28.5,767,432,80,767,80,432,49.5
2004,5,18,0,30,27.700000000000003,570,194,57,89,126,147,52.38
2004,5,18,1,30,26.8,67,12,10,67,10,12,56.94
2004,5,18,2,30,26.1,0,0,0,0,0,0,61.86
2004,5,18,3,30,25.6,0,0,0,0,0,0,65.22
2004,5,18,4,30,25.3,0,0,0,0,0,0,66.9
2004,5,18,5,30,25,0,0,0,0,0,0,68.04
2004,5,18,6,30,24.8,0,0,0,0,0,0,68.28
2004,5,18,7,30,24.6,0,0,0,0,0,0,68.84
2004,5,18,8,30,24.3,0,0,0,0,0,0,70.19
2004,5,18,9,30,24.200000000000003,0,0,0,0,0,0,70.10000000000001
2004,5,18,10,30,24,0,0,0,0,0,0,69.53
2004,5,18,11,30,23.900000000000002,0,0,0,0,0,0,68.15
2004,5,18,12,30,24.3,62,12,11,0,7,7,64.64
2004,5,18,13,30,25.200000000000003,533,191,62,171,119,161,59.65
2004,5,18,14,30,26.3,730,425,87,350,176,338,54.43
2004,5,18,15,30,27.400000000000002,826,647,103,426,228,509,49.45
2004,5,18,16,30,28.3,881,835,113,881,113,835,46.72
2004,5,18,17,30,29,911,970,120,911,120,970,45.88
2004,5,18,18,30,29.3,898,1033,142,898,142,1033,46.53
2004,5,18,19,30,29.5,899,1033,142,899,142,1033,47.25
2004,5,18,20,30,29.6,885,962,137,885,137,962,47.660000000000004
2004,5,18,21,30,29.5,858,829,126,858,126,829,48.21
2004,5,18,22,30,29.3,803,639,111,803,111,639,49
2004,5,18,23,30,28.900000000000002,706,418,93,706,93,418,50.51
2004,5,19,0,30,28.200000000000003,503,186,65,503,65,186,53.04
2004,5,19,1,30,27.3,50,11,10,50,10,11,57.18
2004,5,19,2,30,26.700000000000003,0,0,0,0,0,0,61.660000000000004
2004,5,19,3,30,26.3,0,0,0,0,0,0,65.21000000000001
2004,5,19,4,30,25.900000000000002,0,0,0,0,0,0,68.46000000000001
2004,5,19,5,30,25.6,0,0,0,0,0,0,70.9
2004,5,19,6,30,25.3,0,0,0,0,0,0,73.17
2004,5,19,7,30,25,0,0,0,0,0,0,75.2
2004,5,19,8,30,24.8,0,0,0,0,0,0,76.77
2004,5,19,9,30,24.700000000000003,0,0,0,0,0,0,76.94
2004,5,19,10,30,24.6,0,0,0,0,0,0,76.37
2004,5,19,11,30,24.5,0,0,0,0,0,0,75.65
2004,5,19,12,30,24.900000000000002,37,11,10,37,10,11,72.9
2004,5,19,13,30,25.700000000000003,458,182,70,458,70,182,69.33
2004,5,19,14,30,26.900000000000002,668,410,100,668,100,410,64.33
2004,5,19,15,30,28,775,629,118,267,327,503,58.79
2004,5,19,16,30,28.900000000000002,834,813,129,834,129,813,54.72
2004,5,19,17,30,29.5,868,946,136,868,136,946,52.85
2004,5,19,18,30,29.8,847,1006,166,847,166,1006,51.68
2004,5,19,19,30,30,852,1008,164,852,164,1008,50.78
2004,5,19,20,30,30,838,940,158,838,158,940,50.33
2004,5,19,21,30,29.900000000000002,774,801,167,774,167,801,50.32
2004,5,19,22,30,29.6,711,617,149,711,149,617,50.84
2004,5,19,23,30,29.200000000000003,602,401,123,602,123,401,51.65
2004,5,20,0,30,28.5,391,177,82,391,82,177,53.97
2004,5,20,1,30,27.700000000000003,23,9,9,23,9,9,58.1
2004,5,20,2,30,27,0,0,0,0,0,0,63.300000000000004
2004,5,20,3,30,26.6,0,0,0,0,0,0,67.09
2004,5,20,4,30,26.200000000000003,0,0,0,0,0,0,70.72
2004,5,20,5,30,25.900000000000002,0,0,0,0,0,0,73.93
2004,5,20,6,30,25.6,0,0,0,0,0,0,77.01
2004,5,20,7,30,25.400000000000002,0,0,0,0,0,0,79.27
2004,5,20,8,30,25.200000000000003,0,0,0,0,0,0,80.96000000000001
2004,5,20,9,30,25.1,0,0,0,0,0,0,81.14
2004,5,20,10,30,25.1,0,0,0,0,0,0,79.54
2004,5,20,11,30,25.1,0,0,0,0,0,0,77.29
2004,5,20,12,30,25.400000000000002,15,8,8,15,8,8,74.62
2004,5,20,13,30,26.200000000000003,337,171,88,337,88,171,71.06
2004,5,20,14,30,27.1,552,390,134,552,134,390,66.46000000000001
2004,5,20,15,30,28.1,672,604,160,672,160,604,60.89
2004,5,20,16,30,28.900000000000002,744,785,175,744,175,785,57.19
2004,5,20,17,30,29.400000000000002,786,917,183,786,183,917,56.09
2004,5,20,18,30,29.6,745,968,229,745,229,968,55.53
2004,5,20,19,30,29.700000000000003,747,969,228,747,228,969,55.63
2004,5,20,20,30,29.5,730,900,220,426,425,822,56.82
2004,5,20,21,30,29.3,714,776,191,372,390,695,57.63
2004,5,20,22,30,29,648,597,170,648,170,597,58.26
2004,5,20,23,30,28.6,533,385,138,533,138,385,59
2004,5,21,0,30,28,327,169,89,327,89,169,60.410000000000004
2004,5,21,1,30,27.3,15,8,8,15,8,8,62.910000000000004
2004,5,21,2,30,26.8,0,0,0,0,0,0,65.58
2004,5,21,3,30,26.6,0,0,0,0,0,0,66.89
2004,5,21,4,30,26.400000000000002,0,0,0,0,0,0,67.96000000000001
2004,5,21,5,30,26.3,0,0,0,0,0,0,68.26
2004,5,21,6,30,26.200000000000003,0,0,0,0,0,0,68.27
2004,5,21,7,30,26.1,0,0,0,0,0,0,68.22
2004,5,21,8,30,26.1,0,0,0,0,0,0,67.74
2004,5,21,9,30,26,0,0,0,0,0,0,67.48
2004,5,21,10,30,26,0,0,0,0,0,0,66.52
2004,5,21,11,30,26,0,0,0,0,0,0,65.62
2004,5,21,12,30,26.400000000000002,15,9,8,0,7,7,63.440000000000005
2004,5,21,13,30,27.3,335,171,88,45,129,140,59.69
2004,5,21,14,30,28.200000000000003,550,389,134,550,134,389,55.49
2004,5,21,15,30,29,668,602,161,668,161,602,52.33
2004,5,21,16,30,29.6,738,782,177,738,177,782,50.94
2004,5,21,17,30,30.1,778,912,185,366,442,783,50.53
2004,5,21,18,30,30.3,774,974,206,774,206,974,50.800000000000004
2004,5,21,19,30,30.400000000000002,778,975,203,425,443,865,51.230000000000004
2004,5,21,20,30,30.3,763,908,195,763,195,908,52.21
2004,5,21,21,30,30,691,770,204,363,397,695,53.78
2004,5,21,22,30,29.700000000000003,623,592,181,623,181,592,55.39
2004,5,21,23,30,29.200000000000003,506,382,147,506,147,382,57.74
2004,5,22,0,30,28.5,301,167,93,59,125,139,61.300000000000004
2004,5,22,1,30,27.8,13,8,8,0,8,8,65.77
2004,5,22,2,30,27.400000000000002,0,0,0,0,0,0,69.09
2004,5,22,3,30,27.1,0,0,0,0,0,0,71.35000000000001
2004,5,22,4,30,26.900000000000002,0,0,0,0,0,0,72.62
2004,5,22,5,30,26.700000000000003,0,0,0,0,0,0,73.41
2004,5,22,6,30,26.5,0,0,0,0,0,0,74.3
2004,5,22,7,30,26.200000000000003,0,0,0,0,0,0,76.02
2004,5,22,8,30,26,0,0,0,0,0,0,77.61
2004,5,22,9,30,25.900000000000002,0,0,0,0,0,0,78.60000000000001
2004,5,22,10,30,25.8,0,0,0,0,0,0,79.14
2004,5,22,11,30,25.8,0,0,0,0,0,0,79
2004,5,22,12,30,26.200000000000003,12,8,8,0,6,6,77.15
2004,5,22,13,30,27.200000000000003,299,166,93,25,126,132,72.52
2004,5,22,14,30,28.3,506,380,145,506,145,380,67.29
2004,5,22,15,30,29.3,628,590,175,203,349,483,61.93
2004,5,22,16,30,30.1,700,768,193,700,193,768,58.1
2004,5,22,17,30,30.6,743,897,203,743,203,897,56.74
2004,5,22,18,30,30.900000000000002,634,932,303,498,330,825,56.120000000000005
2004,5,22,19,30,31,631,931,305,507,325,828,56.910000000000004
2004,5,22,20,30,30.900000000000002,606,864,298,475,374,817,58.43
2004,5,22,21,30,30.700000000000003,678,762,205,536,272,712,59.65
2004,5,22,22,30,30.200000000000003,604,584,185,262,339,513,61.82
2004,5,22,23,30,29.6,484,376,151,203,244,338,64.44
2004,5,23,0,30,28.8,287,165,94,287,94,165,68.06
2004,5,23,1,30,28.1,14,8,8,14,8,8,71.59
2004,5,23,2,30,27.6,0,0,0,0,0,0,74.58
2004,5,23,3,30,27.3,0,0,0,0,0,0,76.24
2004,5,23,4,30,27.1,0,0,0,0,0,0,77.11
2004,5,23,5,30,26.900000000000002,0,0,0,0,0,0,77.81
2004,5,23,6,30,26.8,0,0,0,0,0,0,77.86
2004,5,23,7,30,26.700000000000003,0,0,0,0,0,0,77.74
2004,5,23,8,30,26.6,0,0,0,0,0,0,77.73
2004,5,23,9,30,26.5,0,0,0,0,0,0,78.17
2004,5,23,10,30,26.400000000000002,0,0,0,0,0,0,78.56
2004,5,23,11,30,26.400000000000002,0,0,0,0,0,0,78.26
2004,5,23,12,30,26.700000000000003,22,10,9,22,9,10,76.56
2004,5,23,13,30,27.3,349,171,84,349,84,171,73.61
2004,5,23,14,30,28.200000000000003,558,387,127,399,172,357,69.49
2004,5,23,15,30,29,679,599,150,111,347,420,65.62
2004,5,23,16,30,29.5,751,778,162,272,407,631,63.86
2004,5,23,17,30,29.6,792,908,168,378,425,777,64.72
2004,5,23,18,30,29.5,803,973,176,803,176,973,66.68
2004,5,23,19,30,29.3,805,973,174,805,174,973,68.88
2004,5,23,20,30,29.200000000000003,789,905,168,789,168,905,70.22
2004,5,23,21,30,29.1,694,764,194,694,194,764,70.79
2004,5,23,22,30,28.900000000000002,633,589,170,633,170,589,71.3
2004,5,23,23,30,28.700000000000003,525,382,137,525,137,382,71.89
2004,5,24,0,30,28.400000000000002,331,169,87,331,87,169,73.12
2004,5,24,1,30,28,24,10,9,24,9,10,75.06
2004,5,24,2,30,27.700000000000003,0,0,0,0,0,0,77.02
2004,5,24,3,30,27.400000000000002,0,0,0,0,0,0,78.82000000000001
2004,5,24,4,30,27.3,0,0,0,0,0,0,79.76
2004,5,24,5,30,27.1,0,0,0,0,0,0,80.99
2004,5,24,6,30,26.900000000000002,0,0,0,0,0,0,81.99
2004,5,24,7,30,26.8,0,0,0,0,0,0,82.32000000000001
2004,5,24,8,30,26.700000000000003,0,0,0,0,0,0,82.43
2004,5,24,9,30,26.6,0,0,0,0,0,0,82.43
2004,5,24,10,30,26.5,0,0,0,0,0,0,82.60000000000001
2004,5,24,11,30,26.5,0,0,0,0,0,0,82.19
2004,5,24,12,30,26.900000000000002,25,10,10,25,10,10,79.41
2004,5,24,13,30,27.6,350,171,84,350,84,171,75.42
2004,5,24,14,30,28.5,552,385,128,552,128,385,71.07000000000001
2004,5,24,15,30,29.3,668,596,154,668,154,596,67.71000000000001
2004,5,24,16,30,29.900000000000002,738,774,169,738,169,774,65.38
2004,5,24,17,30,30.200000000000003,781,905,176,781,176,905,64.31
2004,5,24,18,30,30.400000000000002,811,976,171,811,171,976,63.550000000000004
2004,5,24,19,30,30.400000000000002,817,979,168,817,168,979,63.58
2004,5,24,20,30,30.3,806,913,160,806,160,913,63.74
2004,5,24,21,30,30.200000000000003,786,788,142,786,142,788,63.76
2004,5,24,22,30,29.8,726,609,129,726,129,609,64.8
2004,5,24,23,30,29.3,618,397,108,618,108,397,66.6
2004,5,25,0,30,28.5,417,179,74,417,74,179,70.06
2004,5,25,1,30,27.8,40,12,11,40,11,12,74
2004,5,25,2,30,27.3,0,0,0,0,0,0,77.37
2004,5,25,3,30,27,0,0,0,0,0,0,79.60000000000001
2004,5,25,4,30,26.8,0,0,0,0,0,0,80.96000000000001
2004,5,25,5,30,26.700000000000003,0,0,0,0,0,0,81.57000000000001
2004,5,25,6,30,26.5,0,0,0,0,0,0,82.55
2004,5,25,7,30,26.400000000000002,0,0,0,0,0,0,82.96000000000001
2004,5,25,8,30,26.3,0,0,0,0,0,0,82.95
2004,5,25,9,30,26.200000000000003,0,0,0,0,0,0,83.03
2004,5,25,10,30,26.200000000000003,0,0,0,0,0,0,82.76
2004,5,25,11,30,26.200000000000003,0,0,0,0,0,0,82.43
2004,5,25,12,30,26.400000000000002,27,11,10,27,10,11,81.49
2004,5,25,13,30,27,372,173,80,372,80,173,78.3
2004,5,25,14,30,27.8,579,389,119,579,119,389,73.89
2004,5,25,15,30,28.5,694,599,140,694,140,599,70.18
2004,5,25,16,30,29.200000000000003,762,778,153,762,153,778,66.96000000000001
2004,5,25,17,30,29.6,803,908,158,803,158,908,65.59
2004,5,25,18,30,29.900000000000002,776,964,194,776,194,964,64.82000000000001
2004,5,25,19,30,29.900000000000002,779,964,191,779,191,964,65.21000000000001
2004,5,25,20,30,29.8,762,898,186,762,186,898,65.76
2004,5,25,21,30,29.6,747,776,162,747,162,776,66.65
2004,5,25,22,30,29.200000000000003,679,598,147,679,147,598,68.39
2004,5,25,23,30,28.6,565,388,124,565,124,388,71.2
2004,5,26,0,30,27.8,360,174,83,360,83,174,75.14
2004,5,26,1,30,27.1,28,12,11,28,11,12,79.2
2004,5,26,2,30,26.700000000000003,0,0,0,0,0,0,82
2004,5,26,3,30,26.5,0,0,0,0,0,0,83.53
2004,5,26,4,30,26.3,0,0,0,0,0,0,84.51
2004,5,26,5,30,26.200000000000003,0,0,0,0,0,0,84.8
2004,5,26,6,30,26,0,0,0,0,0,0,85.32000000000001
2004,5,26,7,30,25.900000000000002,0,0,0,0,0,0,85.29
2004,5,26,8,30,25.8,0,0,0,0,0,0,85.19
2004,5,26,9,30,25.700000000000003,0,0,0,0,0,0,85.16
2004,5,26,10,30,25.700000000000003,0,0,0,0,0,0,84.96000000000001
2004,5,26,11,30,25.700000000000003,0,0,0,0,0,0,84.9
2004,5,26,12,30,25.8,21,11,10,0,8,8,84.48
2004,5,26,13,30,26.3,350,171,84,23,107,113,81.84
2004,5,26,14,30,27.1,559,385,124,17,199,207,77.4
2004,5,26,15,30,28,678,595,146,678,146,595,72.98
2004,5,26,16,30,28.700000000000003,751,773,157,206,416,586,70.60000000000001
2004,5,26,17,30,29.3,795,903,161,795,161,903,68.66
2004,5,26,18,30,29.6,771,959,195,771,195,959,67.73
2004,5,26,19,30,29.700000000000003,776,961,191,443,416,856,67.63
2004,5,26,20,30,29.6,761,896,184,578,280,820,68.25
2004,5,26,21,30,29.400000000000002,744,774,162,360,375,670,69.06
2004,5,26,22,30,29,677,597,147,677,147,597,70.76
2004,5,26,23,30,28.3,560,388,125,560,125,388,73.96000000000001
2004,5,27,0,30,27.6,355,174,84,15,120,124,77.59
2004,5,27,1,30,26.900000000000002,27,12,11,27,11,12,81.46000000000001
2004,5,27,2,30,26.6,0,0,0,0,0,0,83.25
2004,5,27,3,30,26.400000000000002,0,0,0,0,0,0,84.28
2004,5,27,4,30,26.3,0,0,0,0,0,0,84.66
2004,5,27,5,30,26.3,0,0,0,0,0,0,84.58
2004,5,27,6,30,26.200000000000003,0,0,0,0,0,0,85.05
2004,5,27,7,30,26.1,0,0,0,0,0,0,85.45
2004,5,27,8,30,26,0,0,0,0,0,0,86.01
2004,5,27,9,30,26,0,0,0,0,0,0,85.98
2004,5,27,10,30,25.900000000000002,0,0,0,0,0,0,86.38
2004,5,27,11,30,25.900000000000002,0,0,0,0,0,0,86.26
2004,5,27,12,30,26,17,10,10,17,10,10,85.48
2004,5,27,13,30,26.5,347,171,84,1,75,75,82.35000000000001
2004,5,27,14,30,27.400000000000002,570,387,121,1,132,133,76.91
2004,5,27,15,30,28.200000000000003,696,599,138,109,339,412,72.67
2004,5,27,16,30,28.900000000000002,771,779,146,771,146,779,70.06
2004,5,27,17,30,29.5,814,910,150,814,150,910,68.06
2004,5,27,18,30,29.8,720,949,235,720,235,949,66.87
2004,5,27,19,30,29.8,733,954,226,733,226,954,66.81
2004,5,27,20,30,29.8,725,891,213,725,213,891,66.89
2004,5,27,21,30,29.5,752,780,161,752,161,780,67.91
2004,5,27,22,30,29.1,692,604,144,692,144,604,69.14
2004,5,27,23,30,28.6,588,396,119,588,119,396,70.76
2004,5,28,0,30,27.900000000000002,392,180,80,392,80,180,73.42
2004,5,28,1,30,27.200000000000003,36,14,13,36,13,14,76.61
2004,5,28,2,30,26.8,0,0,0,0,0,0,78.52
2004,5,28,3,30,26.5,0,0,0,0,0,0,79.99
2004,5,28,4,30,26.3,0,0,0,0,0,0,80.83
2004,5,28,5,30,26.1,0,0,0,0,0,0,81.77
2004,5,28,6,30,26,0,0,0,0,0,0,82.48
2004,5,28,7,30,25.8,0,0,0,0,0,0,83.73
2004,5,28,8,30,25.8,0,0,0,0,0,0,83.88
2004,5,28,9,30,25.700000000000003,0,0,0,0,0,0,84.38
2004,5,28,10,30,25.700000000000003,0,0,0,0,0,0,84.05
2004,5,28,11,30,25.8,0,0,0,0,0,0,83.28
2004,5,28,12,30,25.900000000000002,16,11,10,0,6,6,82.47
2004,5,28,13,30,26.3,341,171,86,0,54,54,79.92
2004,5,28,14,30,27,557,386,126,28,218,231,75.73
2004,5,28,15,30,27.8,674,596,150,120,345,424,71.36
2004,5,28,16,30,28.400000000000002,741,772,164,228,416,603,68.8
2004,5,28,17,30,29,781,901,172,781,172,901,66.58
2004,5,28,18,30,29.3,808,971,169,808,169,971,65.79
2004,5,28,19,30,29.5,808,972,169,808,169,972,65.54
2004,5,28,20,30,29.6,793,907,165,793,165,907,65.32000000000001
2004,5,28,21,30,29.6,730,774,173,730,173,774,64.93
2004,5,28,22,30,29.400000000000002,672,600,153,672,153,600,64.98
2004,5,28,23,30,28.900000000000002,564,392,126,564,126,392,66.28
2004,5,29,0,30,28.200000000000003,365,178,85,365,85,178,68.78
2004,5,29,1,30,27.6,28,14,13,28,13,14,71.42
2004,5,29,2,30,27.200000000000003,0,0,0,0,0,0,73.39
2004,5,29,3,30,27,0,0,0,0,0,0,74.45
2004,5,29,4,30,26.900000000000002,0,0,0,0,0,0,74.83
2004,5,29,5,30,26.900000000000002,0,0,0,0,0,0,74.61
2004,5,29,6,30,26.8,0,0,0,0,0,0,74.76
2004,5,29,7,30,26.700000000000003,0,0,0,0,0,0,75.04
2004,5,29,8,30,26.6,0,0,0,0,0,0,75.61
2004,5,29,9,30,26.6,0,0,0,0,0,0,75.94
2004,5,29,10,30,26.5,0,0,0,0,0,0,76.83
2004,5,29,11,30,26.5,0,0,0,0,0,0,77.27
2004,5,29,12,30,26.700000000000003,14,11,10,0,4,4,76.66
2004,5,29,13,30,27.200000000000003,334,170,86,1,78,78,74.67
2004,5,29,14,30,27.900000000000002,553,384,126,33,224,240,71.23
2004,5,29,15,30,28.8,675,594,147,178,340,458,67.21000000000001
2004,5,29,16,30,29.5,749,772,157,549,250,701,64.58
2004,5,29,17,30,30.1,794,902,161,359,425,760,62.96
2004,5,29,18,30,30.5,699,939,246,699,246,939,61.910000000000004
2004,5,29,19,30,30.6,705,942,241,355,478,831,61.68
2004,5,29,20,30,30.6,685,877,236,685,236,877,61.85
2004,5,29,21,30,30.400000000000002,685,762,197,685,197,762,62.480000000000004
2004,5,29,22,30,30,616,588,177,616,177,588,63.76
2004,5,29,23,30,29.6,499,382,147,499,147,382,65.08
2004,5,30,0,30,29,299,172,95,299,95,172,67.31
2004,5,30,1,30,28.5,19,12,11,19,11,12,69.62
2004,5,30,2,30,28.1,0,0,0,0,0,0,71.77
2004,5,30,3,30,27.900000000000002,0,0,0,0,0,0,73.04
2004,5,30,4,30,27.6,0,0,0,0,0,0,74.48
2004,5,30,5,30,27.5,0,0,0,0,0,0,74.88
2004,5,30,6,30,27.3,0,0,0,0,0,0,75.59
2004,5,30,7,30,27.1,0,0,0,0,0,0,75.99
2004,5,30,8,30,27,0,0,0,0,0,0,75.88
2004,5,30,9,30,26.900000000000002,0,0,0,0,0,0,75.69
2004,5,30,10,30,26.8,0,0,0,0,0,0,75.68
2004,5,30,11,30,26.700000000000003,0,0,0,0,0,0,75.67
2004,5,30,12,30,27,21,11,10,0,7,7,74.07000000000001
2004,5,30,13,30,27.700000000000003,339,171,86,339,86,171,70.68
2004,5,30,14,30,28.700000000000003,550,385,128,550,128,385,65.74
2004,5,30,15,30,29.6,670,594,151,670,151,594,61.83
2004,5,30,16,30,30.400000000000002,741,772,164,741,164,772,59.54
2004,5,30,17,30,30.8,781,900,171,781,171,900,59.21
2004,5,30,18,30,31,831,977,152,831,152,977,59.75
2004,5,30,19,30,31.1,830,978,153,830,153,978,60.35
2004,5,30,20,30,31,814,913,151,814,151,913,61.33
2004,5,30,21,30,30.700000000000003,694,766,194,694,194,766,62.67
2004,5,30,22,30,30.400000000000002,621,592,177,621,177,592,63.74
2004,5,30,23,30,29.900000000000002,505,386,147,505,147,386,65.36
2004,5,31,0,30,29.200000000000003,311,175,95,311,95,175,67.81
2004,5,31,1,30,28.6,25,13,12,25,12,13,70.3
2004,5,31,2,30,28.200000000000003,0,0,0,0,0,0,72.07000000000001
2004,5,31,3,30,27.900000000000002,0,0,0,0,0,0,73.27
2004,5,31,4,30,27.6,0,0,0,0,0,0,74.33
2004,5,31,5,30,27.400000000000002,0,0,0,0,0,0,75.14
2004,5,31,6,30,27.200000000000003,0,0,0,0,0,0,76.01
2004,5,31,7,30,27,0,0,0,0,0,0,76.69
2004,5,31,8,30,26.8,0,0,0,0,0,0,76.98
2004,5,31,9,30,26.6,0,0,0,0,0,0,77.22
2004,5,31,10,30,26.400000000000002,0,0,0,0,0,0,77.8
2004,5,31,11,30,26.3,0,0,0,0,0,0,78.25
2004,5,31,12,30,26.5,25,12,11,25,11,12,77.38
2004,5,31,13,30,27.1,364,176,85,364,85,176,74.55
2004,5,31,14,30,28,579,394,123,579,123,394,69.35000000000001
2004,5,31,15,30,29,703,607,142,703,142,607,63.870000000000005
2004,5,31,16,30,29.8,777,789,151,777,151,789,60.410000000000004
2004,5,31,17,30,30.400000000000002,818,920,156,818,156,920,58.78
2004,5,31,18,30,30.700000000000003,867,997,137,867,137,997,58.31
2004,5,31,19,30,30.700000000000003,868,999,137,868,137,999,58.660000000000004
2004,5,31,20,30,30.700000000000003,854,933,133,854,133,933,58.75
2004,5,31,21,30,30.5,826,805,124,826,124,805,59.21
2004,5,31,22,30,30.200000000000003,772,627,112,772,112,627,60.050000000000004
2004,5,31,23,30,29.700000000000003,676,415,94,676,94,415,61.53
2004,6,1,0,30,29.1,488,194,68,488,68,194,63.78
2004,6,1,1,30,28.5,76,19,16,76,16,19,66.53
2004,6,1,2,30,28,0,0,0,0,0,0,69.35000000000001
2004,6,1,3,30,27.700000000000003,0,0,0,0,0,0,71.35000000000001
2004,6,1,4,30,27.5,0,0,0,0,0,0,72.7
2004,6,1,5,30,27.3,0,0,0,0,0,0,74
2004,6,1,6,30,27.1,0,0,0,0,0,0,75.23
2004,6,1,7,30,26.900000000000002,0,0,0,0,0,0,76.68
2004,6,1,8,30,26.700000000000003,0,0,0,0,0,0,77.91
2004,6,1,9,30,26.5,0,0,0,0,0,0,78.67
2004,6,1,10,30,26.3,0,0,0,0,0,0,79.01
2004,6,1,11,30,26.200000000000003,0,0,0,0,0,0,78.78
2004,6,1,12,30,26.3,28,13,12,28,12,13,77.60000000000001
2004,6,1,13,30,26.8,415,179,75,415,75,179,74.59
2004,6,1,14,30,27.700000000000003,631,399,104,631,104,399,69.36
2004,6,1,15,30,28.700000000000003,746,613,119,746,119,613,63.88
2004,6,1,16,30,29.6,812,794,128,812,128,794,59.97
2004,6,1,17,30,30.200000000000003,849,925,133,849,133,925,58.04
2004,6,1,18,30,30.5,848,990,149,848,149,990,57.35
2004,6,1,19,30,30.5,855,995,145,855,145,995,57.58
2004,6,1,20,30,30.400000000000002,846,930,138,846,138,930,57.79
2004,6,1,21,30,30.200000000000003,806,800,134,806,134,800,58.08
2004,6,1,22,30,30,747,620,121,747,121,620,58.63
2004,6,1,23,30,29.6,640,409,104,640,104,409,60.230000000000004
2004,6,2,0,30,29,434,188,75,434,75,188,63.04
2004,6,2,1,30,28.3,43,17,16,43,16,17,66.98
2004,6,2,2,30,27.900000000000002,0,0,0,0,0,0,70.15
2004,6,2,3,30,27.5,0,0,0,0,0,0,73
2004,6,2,4,30,27.200000000000003,0,0,0,0,0,0,75.39
2004,6,2,5,30,27,0,0,0,0,0,0,77.31
2004,6,2,6,30,26.8,0,0,0,0,0,0,79
2004,6,2,7,30,26.6,0,0,0,0,0,0,80.24
2004,6,2,8,30,26.400000000000002,0,0,0,0,0,0,81.16
2004,6,2,9,30,26.3,0,0,0,0,0,0,81.25
2004,6,2,10,30,26.200000000000003,0,0,0,0,0,0,81.38
2004,6,2,11,30,26.200000000000003,0,0,0,0,0,0,80.99
2004,6,2,12,30,26.3,21,13,13,21,13,13,80.19
2004,6,2,13,30,26.8,394,176,77,394,77,176,77.67
2004,6,2,14,30,27.6,604,392,110,604,110,392,73.53
2004,6,2,15,30,28.5,714,602,129,714,129,602,69.32000000000001
2004,6,2,16,30,29.200000000000003,783,781,138,783,138,781,66.32000000000001
2004,6,2,17,30,29.700000000000003,828,913,140,828,140,913,64.9
2004,6,2,18,30,29.900000000000002,831,978,154,831,154,978,64.96000000000001
2004,6,2,19,30,29.8,836,981,151,836,151,981,66.03
2004,6,2,20,30,29.6,818,915,149,818,149,915,67.09
2004,6,2,21,30,29.200000000000003,761,783,154,761,154,783,68.45
2004,6,2,22,30,28.8,691,606,143,691,143,606,69.53
2004,6,2,23,30,28.3,571,396,124,571,124,396,70.92
2004,6,3,0,30,27.8,360,181,87,360,87,181,72.45
2004,6,3,1,30,27.3,21,16,15,21,15,16,74.04
2004,6,3,2,30,26.900000000000002,0,0,0,0,0,0,75.4
2004,6,3,3,30,26.8,0,0,0,0,0,0,75.73
2004,6,3,4,30,26.700000000000003,0,0,0,0,0,0,76.35000000000001
2004,6,3,5,30,26.700000000000003,0,0,0,0,0,0,76.51
2004,6,3,6,30,26.700000000000003,0,0,0,0,0,0,77.02
2004,6,3,7,30,26.700000000000003,0,0,0,0,0,0,77.82000000000001
2004,6,3,8,30,26.6,0,0,0,0,0,0,78.74
2004,6,3,9,30,26.5,0,0,0,0,0,0,79.14
2004,6,3,10,30,26.5,0,0,0,0,0,0,79.56
2004,6,3,11,30,26.6,0,0,0,0,0,0,79.49
2004,6,3,12,30,26.8,12,11,11,12,11,11,78.78
2004,6,3,13,30,27.3,332,170,86,332,86,170,76.52
2004,6,3,14,30,27.900000000000002,554,382,124,554,124,382,73.4
2004,6,3,15,30,28.6,680,591,142,680,142,591,69.82000000000001
2004,6,3,16,30,29.200000000000003,758,770,148,758,148,770,67.55
2004,6,3,17,30,29.5,807,900,147,404,398,774,66.73
2004,6,3,18,30,29.700000000000003,802,962,166,802,166,962,66.82000000000001
2004,6,3,19,30,29.8,810,966,161,810,161,966,67.25
2004,6,3,20,30,29.700000000000003,796,902,156,796,156,902,68.57000000000001
2004,6,3,21,30,29.6,750,775,155,750,155,775,69.68
2004,6,3,22,30,29.3,690,602,140,690,140,602,71.54
2004,6,3,23,30,28.8,584,397,117,584,117,397,74.38
2004,6,4,0,30,28.3,388,184,82,388,82,184,77.18
2004,6,4,1,30,27.900000000000002,40,17,16,40,16,17,79.72
2004,6,4,2,30,27.6,0,0,0,0,0,0,81.72
2004,6,4,3,30,27.400000000000002,0,0,0,0,0,0,82.95
2004,6,4,4,30,27.3,0,0,0,0,0,0,83.43
2004,6,4,5,30,27.1,0,0,0,0,0,0,84.07000000000001
2004,6,4,6,30,26.900000000000002,0,0,0,0,0,0,84.66
2004,6,4,7,30,26.8,0,0,0,0,0,0,84.62
2004,6,4,8,30,26.700000000000003,0,0,0,0,0,0,84.77
2004,6,4,9,30,26.8,0,0,0,0,0,0,84.36
2004,6,4,10,30,26.8,0,0,0,0,0,0,84.8
2004,6,4,11,30,26.900000000000002,0,0,0,0,0,0,84.72
2004,6,4,12,30,27.200000000000003,68,15,13,0,4,4,83.55
2004,6,4,13,30,28,494,185,60,494,60,185,79.32000000000001
2004,6,4,14,30,29,691,404,82,691,82,404,73.24
2004,6,4,15,30,29.900000000000002,789,615,94,290,298,489,67.86
2004,6,4,16,30,30.5,843,793,102,373,348,654,65.72
2004,6,4,17,30,30.900000000000002,874,921,106,334,417,729,64.6
2004,6,4,18,30,31,873,985,119,146,433,577,64.86
2004,6,4,19,30,30.900000000000002,872,986,119,94,441,535,65.83
2004,6,4,20,30,30.6,857,921,118,329,425,733,67.75
2004,6,4,21,30,30.200000000000003,798,788,128,405,347,682,70
2004,6,4,22,30,29.700000000000003,732,611,121,36,289,313,72.59
2004,6,4,23,30,29,616,402,107,18,193,202,76.21000000000001
2004,6,5,0,30,28.200000000000003,404,186,79,3,100,101,80.62
2004,6,5,1,30,27.6,36,18,16,0,7,7,84.59
2004,6,5,2,30,27.3,0,0,0,0,0,0,86.64
2004,6,5,3,30,27.200000000000003,0,0,0,0,0,0,87.16
2004,6,5,4,30,27.1,0,0,0,0,0,0,87.53
2004,6,5,5,30,27,0,0,0,0,0,0,88.25
2004,6,5,6,30,26.900000000000002,0,0,0,0,0,0,89.09
2004,6,5,7,30,26.8,0,0,0,0,0,0,90.2
2004,6,5,8,30,26.6,0,0,0,0,0,0,91.52
2004,6,5,9,30,26.6,0,0,0,0,0,0,91.32000000000001
2004,6,5,10,30,26.5,0,0,0,0,0,0,91.41
2004,6,5,11,30,26.5,0,0,0,0,0,0,90.97
2004,6,5,12,30,26.6,20,13,12,0,9,9,89.96000000000001
2004,6,5,13,30,27,381,174,78,0,4,4,86.56
2004,6,5,14,30,27.6,608,390,106,0,17,17,81.29
2004,6,5,15,30,28.3,734,602,117,0,58,58,75.85000000000001
2004,6,5,16,30,28.900000000000002,808,782,120,30,310,335,72.04
2004,6,5,17,30,29.3,850,913,121,336,375,689,70.07000000000001
2004,6,5,18,30,29.5,828,971,150,676,170,840,69.76
2004,6,5,19,30,29.5,835,976,147,835,147,976,70.73
2004,6,5,20,30,29.400000000000002,822,913,142,822,142,913,72.04
2004,6,5,21,30,29.200000000000003,815,794,119,815,119,794,73.63
2004,6,5,22,30,29,756,619,111,756,111,619,75.06
2004,6,5,23,30,28.700000000000003,655,410,96,655,96,410,76.66
2004,6,6,0,30,28.200000000000003,466,194,70,466,70,194,79.33
2004,6,6,1,30,27.700000000000003,79,21,17,79,17,21,83.06
2004,6,6,2,30,27.400000000000002,0,0,0,0,0,0,85.87
2004,6,6,3,30,27.200000000000003,0,0,0,0,0,0,87.47
2004,6,6,4,30,27,0,0,0,0,0,0,88.94
2004,6,6,5,30,26.900000000000002,0,0,0,0,0,0,89.57000000000001
2004,6,6,6,30,26.8,0,0,0,0,0,0,89.87
2004,6,6,7,30,26.6,0,0,0,0,0,0,90.41
2004,6,6,8,30,26.5,0,0,0,0,0,0,90.31
2004,6,6,9,30,26.400000000000002,0,0,0,0,0,0,90.55
2004,6,6,10,30,26.400000000000002,0,0,0,0,0,0,90.4
2004,6,6,11,30,26.3,0,0,0,0,0,0,90.7
2004,6,6,12,30,26.5,73,16,13,0,6,6,89.09
2004,6,6,13,30,27,499,185,60,499,60,185,85.35000000000001
2004,6,6,14,30,27.6,689,403,82,689,82,403,80.72
2004,6,6,15,30,28.200000000000003,785,613,95,785,95,613,76.08
2004,6,6,16,30,28.6,840,791,103,203,400,566,73.67
2004,6,6,17,30,28.8,872,920,107,872,107,920,73.57000000000001
2004,6,6,18,30,29,875,985,117,875,117,985,73.94
2004,6,6,19,30,29,877,988,116,877,116,988,74.59
2004,6,6,20,30,28.900000000000002,866,925,113,866,113,925,75.4
2004,6,6,21,30,28.700000000000003,757,781,154,757,154,781,76.43
2004,6,6,22,30,28.5,698,608,139,698,139,608,77.31
2004,6,6,23,30,28.1,598,402,115,598,115,402,79.34
2004,6,7,0,30,27.700000000000003,415,190,79,415,79,190,81.64
2004,6,7,1,30,27.200000000000003,54,20,18,54,18,20,85.31
2004,6,7,2,30,27,0,0,0,0,0,0,87.54
2004,6,7,3,30,26.900000000000002,0,0,0,0,0,0,88.57000000000001
2004,6,7,4,30,26.700000000000003,0,0,0,0,0,0,89.63
2004,6,7,5,30,26.6,0,0,0,0,0,0,89.79
2004,6,7,6,30,26.5,0,0,0,0,0,0,89.75
2004,6,7,7,30,26.400000000000002,0,0,0,0,0,0,89.61
2004,6,7,8,30,26.3,0,0,0,0,0,0,89.43
2004,6,7,9,30,26.1,0,0,0,0,0,0,90.17
2004,6,7,10,30,26,0,0,0,0,0,0,90.52
2004,6,7,11,30,25.900000000000002,0,0,0,0,0,0,89.98
2004,6,7,12,30,26.1,89,16,13,0,10,10,87.68
2004,6,7,13,30,26.400000000000002,527,187,55,9,110,112,85.19
2004,6,7,14,30,27,712,406,74,6,112,115,80.56
2004,6,7,15,30,27.6,803,616,86,302,291,490,75.73
2004,6,7,16,30,28.1,853,793,95,853,95,793,73.48
2004,6,7,17,30,28.400000000000002,881,922,101,881,101,922,72.87
2004,6,7,18,30,28.5,805,965,167,805,167,965,72.84
2004,6,7,19,30,28.6,816,971,160,816,160,971,72.60000000000001
2004,6,7,20,30,28.5,810,909,150,810,150,909,73.11
2004,6,7,21,30,28.3,861,807,93,861,93,807,74.05
2004,6,7,22,30,28.1,815,633,85,815,85,633,75.19
2004,6,7,23,30,27.900000000000002,731,425,73,731,73,425,76.56
2004,6,8,0,30,27.6,565,206,54,565,54,206,78.56
2004,6,8,1,30,27.200000000000003,152,25,17,152,17,25,81.53
2004,6,8,2,30,27,0,0,0,0,0,0,83.51
2004,6,8,3,30,26.8,0,0,0,0,0,0,85.14
2004,6,8,4,30,26.6,0,0,0,0,0,0,86.73
2004,6,8,5,30,26.5,0,0,0,0,0,0,87.83
2004,6,8,6,30,26.3,0,0,0,0,0,0,88.97
2004,6,8,7,30,26.200000000000003,0,0,0,0,0,0,89.18
2004,6,8,8,30,26,0,0,0,0,0,0,89.25
2004,6,8,9,30,25.900000000000002,0,0,0,0,0,0,88.71000000000001
2004,6,8,10,30,25.900000000000002,0,0,0,0,0,0,87.61
2004,6,8,11,30,25.900000000000002,0,0,0,0,0,0,87.03
2004,6,8,12,30,26.1,136,17,13,0,4,4,85.9
2004,6,8,13,30,26.700000000000003,570,192,49,12,111,114,82.71000000000001
2004,6,8,14,30,27.400000000000002,744,412,66,51,180,203,78.66
2004,6,8,15,30,28,830,622,75,0,93,94,74.39
2004,6,8,16,30,28.6,878,800,81,10,252,260,71.61
2004,6,8,17,30,29,906,929,85,51,374,422,70.5
2004,6,8,18,30,29.200000000000003,895,992,104,120,449,568,70.44
2004,6,8,19,30,29.3,894,994,106,32,431,462,70.82000000000001
2004,6,8,20,30,29.200000000000003,879,930,105,82,418,495,71.72
2004,6,8,21,30,29,846,805,104,846,104,805,72.76
2004,6,8,22,30,28.700000000000003,793,630,96,793,96,630,73.94
2004,6,8,23,30,28.3,702,422,83,702,83,422,75.36
2004,6,9,0,30,27.700000000000003,524,203,62,524,62,203,77.84
2004,6,9,1,30,27.200000000000003,116,24,19,0,12,12,80.49
2004,6,9,2,30,26.900000000000002,0,0,0,0,0,0,82.32000000000001
2004,6,9,3,30,26.6,0,0,0,0,0,0,83.65
2004,6,9,4,30,26.5,0,0,0,0,0,0,83.82000000000001
2004,6,9,5,30,26.400000000000002,0,0,0,0,0,0,84.08
2004,6,9,6,30,26.200000000000003,0,0,0,0,0,0,84.86
2004,6,9,7,30,26.1,0,0,0,0,0,0,85.15
2004,6,9,8,30,26,0,0,0,0,0,0,85.43
2004,6,9,9,30,25.900000000000002,0,0,0,0,0,0,85.85000000000001
2004,6,9,10,30,25.700000000000003,0,0,0,0,0,0,86.77
2004,6,9,11,30,25.700000000000003,0,0,0,0,0,0,86.60000000000001
2004,6,9,12,30,25.900000000000002,69,16,13,69,13,16,85.4
2004,6,9,13,30,26.5,497,185,60,497,60,185,81.99
2004,6,9,14,30,27.3,686,403,83,686,83,403,78.12
2004,6,9,15,30,28,787,614,95,787,95,614,73.73
2004,6,9,16,30,28.6,844,793,103,844,103,793,70.82000000000001
2004,6,9,17,30,29,876,923,106,876,106,923,69.34
2004,6,9,18,30,29.200000000000003,886,990,112,886,112,990,68.89
2004,6,9,19,30,29.3,889,994,111,889,111,994,68.48
2004,6,9,20,30,29.3,879,932,107,879,107,932,68.13
2004,6,9,21,30,29.200000000000003,849,808,103,849,103,808,67.99
2004,6,9,22,30,29,800,633,93,800,93,633,68.28
2004,6,9,23,30,28.6,712,425,81,712,81,425,69.5
2004,6,10,0,30,28,540,206,60,540,60,206,71.84
2004,6,10,1,30,27.400000000000002,131,25,19,131,19,25,75
2004,6,10,2,30,27,0,0,0,0,0,0,77.9
2004,6,10,3,30,26.700000000000003,0,0,0,0,0,0,79.75
2004,6,10,4,30,26.6,0,0,0,0,0,0,80.34
2004,6,10,5,30,26.400000000000002,0,0,0,0,0,0,81.46000000000001
2004,6,10,6,30,26.200000000000003,0,0,0,0,0,0,82.58
2004,6,10,7,30,26.1,0,0,0,0,0,0,83.12
2004,6,10,8,30,26,0,0,0,0,0,0,83.51
2004,6,10,9,30,26,0,0,0,0,0,0,83.22
2004,6,10,10,30,25.900000000000002,0,0,0,0,0,0,83.54
2004,6,10,11,30,25.8,0,0,0,0,0,0,84.04
2004,6,10,12,30,26.1,63,16,14,63,14,16,82.58
2004,6,10,13,30,26.6,504,187,61,504,61,187,79.94
2004,6,10,14,30,27.400000000000002,697,407,83,697,83,407,76.06
2004,6,10,15,30,28.200000000000003,800,621,94,800,94,621,71.61
2004,6,10,16,30,28.8,859,803,100,859,100,803,69.02
2004,6,10,17,30,29.3,892,934,103,892,103,934,67.9
2004,6,10,18,30,29.700000000000003,881,997,124,881,124,997,67.45
2004,6,10,19,30,29.8,883,1000,123,883,123,1000,68.05
2004,6,10,20,30,29.8,870,937,120,870,120,937,68.88
2004,6,10,21,30,29.6,838,811,115,838,115,811,70.02
2004,6,10,22,30,29.3,782,635,107,782,107,635,71.3
2004,6,10,23,30,28.900000000000002,682,424,94,682,94,424,72.87
2004,6,11,0,30,28.3,491,203,70,491,70,203,75.53
2004,6,11,1,30,27.6,86,25,20,86,20,25,79.14
2004,6,11,2,30,27.200000000000003,0,0,0,0,0,0,81.82000000000001
2004,6,11,3,30,26.900000000000002,0,0,0,0,0,0,83.75
2004,6,11,4,30,26.700000000000003,0,0,0,0,0,0,85.21000000000001
2004,6,11,5,30,26.5,0,0,0,0,0,0,86.37
2004,6,11,6,30,26.400000000000002,0,0,0,0,0,0,87.11
2004,6,11,7,30,26.200000000000003,0,0,0,0,0,0,88.39
2004,6,11,8,30,26.200000000000003,0,0,0,0,0,0,88.58
2004,6,11,9,30,26.1,0,0,0,0,0,0,89.07000000000001
2004,6,11,10,30,26,0,0,0,0,0,0,89.34
2004,6,11,11,30,26,0,0,0,0,0,0,88.86
2004,6,11,12,30,26.200000000000003,36,15,13,36,13,15,87.38
2004,6,11,13,30,26.700000000000003,459,181,66,22,124,129,83.74
2004,6,11,14,30,27.400000000000002,665,400,90,137,233,297,79.05
2004,6,11,15,30,28.1,768,611,105,768,105,611,74.71000000000001
2004,6,11,16,30,28.6,827,790,114,827,114,790,71.84
2004,6,11,17,30,29.1,860,919,118,860,118,919,69.64
2004,6,11,18,30,29.400000000000002,863,985,129,863,129,985,68.75
2004,6,11,19,30,29.6,866,989,128,866,128,989,68.29
2004,6,11,20,30,29.6,855,927,124,855,124,927,68.43
2004,6,11,21,30,29.6,808,799,127,808,127,799,68.16
2004,6,11,22,30,29.400000000000002,758,627,114,758,114,627,68.51
2004,6,11,23,30,29,665,420,97,665,97,420,69.49
2004,6,12,0,30,28.5,484,202,70,484,70,202,71
2004,6,12,1,30,27.900000000000002,90,25,20,90,20,25,73.63
2004,6,12,2,30,27.5,0,0,0,0,0,0,75.71000000000001
2004,6,12,3,30,27.3,0,0,0,0,0,0,76.51
2004,6,12,4,30,27.200000000000003,0,0,0,0,0,0,76.60000000000001
2004,6,12,5,30,27.200000000000003,0,0,0,0,0,0,76.2
2004,6,12,6,30,27.1,0,0,0,0,0,0,76.27
2004,6,12,7,30,27,0,0,0,0,0,0,76.32000000000001
2004,6,12,8,30,27,0,0,0,0,0,0,75.88
2004,6,12,9,30,26.900000000000002,0,0,0,0,0,0,75.53
2004,6,12,10,30,26.900000000000002,0,0,0,0,0,0,74.53
2004,6,12,11,30,26.900000000000002,0,0,0,0,0,0,73.99
2004,6,12,12,30,27.1,24,13,13,0,3,3,73
2004,6,12,13,30,27.6,407,175,74,101,124,149,70.97
2004,6,12,14,30,28.3,620,391,103,46,227,249,68.13
2004,6,12,15,30,29.1,732,601,120,118,334,411,64.43
2004,6,12,16,30,29.900000000000002,798,781,129,798,129,781,60.85
2004,6,12,17,30,30.400000000000002,836,911,133,836,133,911,59.27
2004,6,12,18,30,30.8,786,962,183,786,183,962,58.77
2004,6,12,19,30,31,791,967,180,791,180,967,58.99
2004,6,12,20,30,31,778,906,174,778,174,906,59.52
2004,6,12,21,30,30.900000000000002,741,782,166,741,166,782,60.19
2004,6,12,22,30,30.6,677,610,152,677,152,610,61.46
2004,6,12,23,30,30.200000000000003,566,404,129,566,129,404,63.07
2004,6,13,0,30,29.6,367,191,91,367,91,191,65.47
2004,6,13,1,30,29,32,22,20,32,20,22,68.8
2004,6,13,2,30,28.6,0,0,0,0,0,0,71.76
2004,6,13,3,30,28.400000000000002,0,0,0,0,0,0,73.3
2004,6,13,4,30,28.200000000000003,0,0,0,0,0,0,74.41
2004,6,13,5,30,28.1,0,0,0,0,0,0,75.09
2004,6,13,6,30,28,0,0,0,0,0,0,75.85000000000001
2004,6,13,7,30,27.8,0,0,0,0,0,0,76.93
2004,6,13,8,30,27.700000000000003,0,0,0,0,0,0,77.32000000000001
2004,6,13,9,30,27.5,0,0,0,0,0,0,78.06
2004,6,13,10,30,27.3,0,0,0,0,0,0,78.87
2004,6,13,11,30,27.1,0,0,0,0,0,0,79.92
2004,6,13,12,30,27.200000000000003,3,8,8,3,8,8,79.60000000000001
2004,6,13,13,30,27.6,273,162,94,273,94,162,77.32000000000001
2004,6,13,14,30,28.200000000000003,510,373,137,510,137,373,73.71000000000001
2004,6,13,15,30,29,653,583,154,653,154,583,68.61
2004,6,13,16,30,29.8,742,765,160,742,160,765,63.54
2004,6,13,17,30,30.5,793,899,161,793,161,899,59.84
2004,6,13,18,30,30.900000000000002,836,977,149,836,149,977,58.38
2004,6,13,19,30,31.1,845,985,144,845,144,985,58.08
2004,6,13,20,30,31.200000000000003,839,925,137,839,137,925,58.31
2004,6,13,21,30,31,703,777,192,703,192,777,59.81
2004,6,13,22,30,30.8,647,607,168,647,168,607,61.33
2004,6,13,23,30,30.3,548,404,137,548,137,404,63.89
2004,6,14,0,30,29.6,360,192,94,360,94,192,67.27
2004,6,14,1,30,28.900000000000002,37,22,20,37,20,22,71.62
2004,6,14,2,30,28.5,0,0,0,0,0,0,75.22
2004,6,14,3,30,28.200000000000003,0,0,0,0,0,0,77.58
2004,6,14,4,30,28,0,0,0,0,0,0,78.89
2004,6,14,5,30,27.8,0,0,0,0,0,0,79.79
2004,6,14,6,30,27.5,0,0,0,0,0,0,81.11
2004,6,14,7,30,27.3,0,0,0,0,0,0,82.09
2004,6,14,8,30,27.1,0,0,0,0,0,0,82.73
2004,6,14,9,30,27,0,0,0,0,0,0,83.05
2004,6,14,10,30,26.900000000000002,0,0,0,0,0,0,83.3
2004,6,14,11,30,26.8,0,0,0,0,0,0,83.84
2004,6,14,12,30,27,10,11,11,10,11,11,82.53
2004,6,14,13,30,27.6,339,169,85,339,85,169,79.28
2004,6,14,14,30,28.3,555,381,124,555,124,381,75.19
2004,6,14,15,30,29.200000000000003,671,588,148,671,148,588,69.64
2004,6,14,16,30,29.900000000000002,741,766,161,741,161,766,66.05
2004,6,14,17,30,30.400000000000002,784,896,167,784,167,896,64.18
2004,6,14,18,30,30.700000000000003,798,966,175,798,175,966,63.730000000000004
2004,6,14,19,30,30.8,805,972,172,805,172,972,63.82
2004,6,14,20,30,30.8,794,911,165,794,165,911,63.85
2004,6,14,21,30,30.700000000000003,788,796,141,788,141,796,64.07000000000001
2004,6,14,22,30,30.400000000000002,728,623,129,728,129,623,64.95
2004,6,14,23,30,29.900000000000002,626,416,110,626,110,416,66.56
2004,6,15,0,30,29.3,436,200,80,436,80,200,68.82000000000001
2004,6,15,1,30,28.6,66,25,21,66,21,25,72.37
2004,6,15,2,30,28.200000000000003,0,0,0,0,0,0,75.19
2004,6,15,3,30,28,0,0,0,0,0,0,76.59
2004,6,15,4,30,27.8,0,0,0,0,0,0,77.71000000000001
2004,6,15,5,30,27.700000000000003,0,0,0,0,0,0,78.56
2004,6,15,6,30,27.5,0,0,0,0,0,0,79.95
2004,6,15,7,30,27.400000000000002,0,0,0,0,0,0,80.69
2004,6,15,8,30,27.3,0,0,0,0,0,0,81.23
2004,6,15,9,30,27.1,0,0,0,0,0,0,82.43
2004,6,15,10,30,27,0,0,0,0,0,0,82.93
2004,6,15,11,30,26.900000000000002,0,0,0,0,0,0,83.26
2004,6,15,12,30,27.1,17,12,12,17,12,12,81.97
2004,6,15,13,30,27.6,368,171,79,368,79,171,78.65
2004,6,15,14,30,28.3,580,383,115,580,115,383,74
2004,6,15,15,30,29.1,696,592,135,696,135,592,68.65
2004,6,15,16,30,29.900000000000002,766,771,146,766,146,771,64.2
2004,6,15,17,30,30.400000000000002,808,902,151,808,151,902,62.38
2004,6,15,18,30,30.8,812,968,164,812,164,968,61.49
2004,6,15,19,30,31,818,975,162,818,162,975,61.03
2004,6,15,20,30,31,807,915,156,807,156,915,60.7
2004,6,15,21,30,30.8,745,786,166,745,166,786,60.83
2004,6,15,22,30,30.5,685,615,150,685,150,615,61
2004,6,15,23,30,30.1,576,409,128,576,128,409,61.56
2004,6,16,0,30,29.6,376,195,91,376,91,195,62.9
2004,6,16,1,30,28.900000000000002,38,23,21,1,22,22,66.05
2004,6,16,2,30,28.5,0,0,0,0,0,0,69.07000000000001
2004,6,16,3,30,28.1,0,0,0,0,0,0,70.99
2004,6,16,4,30,27.900000000000002,0,0,0,0,0,0,71.06
2004,6,16,5,30,27.700000000000003,0,0,0,0,0,0,71.41
2004,6,16,6,30,27.400000000000002,0,0,0,0,0,0,72.45
2004,6,16,7,30,27.200000000000003,0,0,0,0,0,0,73.44
2004,6,16,8,30,27.1,0,0,0,0,0,0,73.74
2004,6,16,9,30,27,0,0,0,0,0,0,75.05
2004,6,16,10,30,26.900000000000002,0,0,0,0,0,0,77.10000000000001
2004,6,16,11,30,26.900000000000002,0,0,0,0,0,0,78.39
2004,6,16,12,30,27.200000000000003,19,12,11,0,8,8,77.76
2004,6,16,13,30,27.8,377,171,78,377,78,171,74.17
2004,6,16,14,30,28.700000000000003,589,385,113,589,113,385,68.58
2004,6,16,15,30,29.5,708,595,131,708,131,595,63.190000000000005
2004,6,16,16,30,30.200000000000003,781,776,139,781,139,776,59.82
2004,6,16,17,30,30.8,828,908,139,828,139,908,57.71
2004,6,16,18,30,31.1,846,979,141,846,141,979,56.96
2004,6,16,19,30,31.3,855,986,136,855,136,986,56.76
2004,6,16,20,30,31.3,850,927,127,850,127,927,57.1
2004,6,16,21,30,31.200000000000003,828,806,116,828,116,806,57.7
2004,6,16,22,30,30.900000000000002,778,634,105,778,105,634,58.99
2004,6,16,23,30,30.400000000000002,685,426,90,685,90,426,61
2004,6,17,0,30,29.900000000000002,505,207,68,505,68,207,63.13
2004,6,17,1,30,29.3,112,28,21,112,21,28,66.38
2004,6,17,2,30,28.8,0,0,0,0,0,0,69.68
2004,6,17,3,30,28.6,0,0,0,0,0,0,71.10000000000001
2004,6,17,4,30,28.5,0,0,0,0,0,0,71.65
2004,6,17,5,30,28.400000000000002,0,0,0,0,0,0,71.12
2004,6,17,6,30,28.200000000000003,0,0,0,0,0,0,70.60000000000001
2004,6,17,7,30,28.1,0,0,0,0,0,0,71.18
2004,6,17,8,30,28,0,0,0,0,0,0,72.18
2004,6,17,9,30,27.900000000000002,0,0,0,0,0,0,72.93
2004,6,17,10,30,27.8,0,0,0,0,0,0,73.46000000000001
2004,6,17,11,30,27.8,0,0,0,0,0,0,73.42
2004,6,17,12,30,28,20,11,11,0,7,7,72.53
2004,6,17,13,30,28.400000000000002,358,168,80,358,80,168,69.83
2004,6,17,14,30,28.900000000000002,564,378,118,564,118,378,67.04
2004,6,17,15,30,29.5,681,585,139,681,139,585,63.92
2004,6,17,16,30,29.900000000000002,753,763,150,266,394,610,62.550000000000004
2004,6,17,17,30,30.200000000000003,795,893,155,795,155,893,62.050000000000004
2004,6,17,18,30,30.3,816,965,157,816,157,965,62.67
2004,6,17,19,30,30.400000000000002,822,972,154,822,154,972,63.32
2004,6,17,20,30,30.400000000000002,811,912,148,811,148,912,64.26
2004,6,17,21,30,30.200000000000003,774,789,144,774,144,789,65.58
2004,6,17,22,30,30,718,619,130,718,130,619,66.53
2004,6,17,23,30,29.700000000000003,618,414,111,618,111,414,67.66
2004,6,18,0,30,29.400000000000002,435,201,80,260,123,195,68.75
2004,6,18,1,30,29,81,26,22,1,20,20,70.96000000000001
2004,6,18,2,30,28.8,0,0,0,0,0,0,71.87
2004,6,18,3,30,28.8,0,0,0,0,0,0,71.26
2004,6,18,4,30,28.700000000000003,0,0,0,0,0,0,70.85000000000001
2004,6,18,5,30,28.6,0,0,0,0,0,0,70.26
2004,6,18,6,30,28.5,0,0,0,0,0,0,70.25
2004,6,18,7,30,28.400000000000002,0,0,0,0,0,0,70.95
2004,6,18,8,30,28.3,0,0,0,0,0,0,72.38
2004,6,18,9,30,28.200000000000003,0,0,0,0,0,0,73.16
2004,6,18,10,30,28,0,0,0,0,0,0,74.67
2004,6,18,11,30,27.900000000000002,0,0,0,0,0,0,75.23
2004,6,18,12,30,27.900000000000002,25,12,11,0,5,5,75.78
2004,6,18,13,30,28.1,374,168,76,15,115,119,75.25
2004,6,18,14,30,28.3,586,380,110,185,203,288,74.5
2004,6,18,15,30,28.700000000000003,696,587,131,541,203,558,72.25
2004,6,18,16,30,29,752,761,149,506,257,669,71.25
2004,6,18,17,30,29,784,889,161,784,161,889,72.58
2004,6,18,18,30,28.900000000000002,833,968,143,833,143,968,74.08
2004,6,18,19,30,28.900000000000002,835,973,143,835,143,973,74.51
2004,6,18,20,30,28.8,820,912,140,820,140,912,74.64
2004,6,18,21,30,28.8,783,790,137,547,201,658,74.16
2004,6,18,22,30,28.6,718,617,128,28,241,260,74.53
2004,6,18,23,30,28.3,604,412,115,6,134,137,75.46000000000001
2004,6,19,0,30,27.900000000000002,398,197,86,0,30,30,77.45
2004,6,19,1,30,27.5,59,25,22,0,13,13,80.67
2004,6,19,2,30,27.1,0,0,0,0,0,0,84.31
2004,6,19,3,30,26.8,0,0,0,0,0,0,86.95
2004,6,19,4,30,26.6,0,0,0,0,0,0,87.89
2004,6,19,5,30,26.5,0,0,0,0,0,0,87.87
2004,6,19,6,30,26.5,0,0,0,0,0,0,86.98
2004,6,19,7,30,26.5,0,0,0,0,0,0,85.98
2004,6,19,8,30,26.5,0,0,0,0,0,0,85.25
2004,6,19,9,30,26.5,0,0,0,0,0,0,84.71000000000001
2004,6,19,10,30,26.6,0,0,0,0,0,0,83.88
2004,6,19,11,30,26.700000000000003,0,0,0,0,0,0,83.31
2004,6,19,12,30,26.900000000000002,46,13,12,0,9,9,82.37
2004,6,19,13,30,27.3,444,174,66,158,114,153,80.17
2004,6,19,14,30,27.700000000000003,641,389,94,78,190,225,78.2
2004,6,19,15,30,28.200000000000003,744,597,110,566,191,561,75.34
2004,6,19,16,30,28.5,806,776,120,408,337,669,73.35000000000001
2004,6,19,17,30,28.900000000000002,843,907,125,843,125,907,71.06
2004,6,19,18,30,29.3,845,975,138,845,138,975,69.74
2004,6,19,19,30,29.6,852,983,136,852,136,983,69.49
2004,6,19,20,30,29.700000000000003,839,923,133,839,133,923,69.89
2004,6,19,21,30,29.8,823,805,118,823,118,805,70.28
2004,6,19,22,30,29.700000000000003,768,632,109,768,109,632,71.28
2004,6,19,23,30,29.5,670,425,95,670,95,425,72.43
2004,6,20,0,30,29.200000000000003,486,208,71,486,71,208,74.13
2004,6,20,1,30,28.8,105,29,22,105,22,29,77.09
2004,6,20,2,30,28.6,0,0,0,0,0,0,78.99
2004,6,20,3,30,28.400000000000002,0,0,0,0,0,0,79.98
2004,6,20,4,30,28.400000000000002,0,0,0,0,0,0,79.71000000000001
2004,6,20,5,30,28.3,0,0,0,0,0,0,79.76
2004,6,20,6,30,28.200000000000003,0,0,0,0,0,0,79.75
2004,6,20,7,30,28,0,0,0,0,0,0,80.04
2004,6,20,8,30,27.900000000000002,0,0,0,0,0,0,79.8
2004,6,20,9,30,27.8,0,0,0,0,0,0,79.55
2004,6,20,10,30,27.8,0,0,0,0,0,0,78.99
2004,6,20,11,30,27.700000000000003,0,0,0,0,0,0,79.06
2004,6,20,12,30,27.8,38,13,12,38,12,13,78.65
2004,6,20,13,30,28.1,448,174,65,448,65,174,77.65
2004,6,20,14,30,28.5,649,389,91,649,91,389,75.66
2004,6,20,15,30,28.900000000000002,752,598,107,292,297,488,73.76
2004,6,20,16,30,29.200000000000003,811,777,117,587,217,694,72.9
2004,6,20,17,30,29.5,843,907,124,843,124,907,72.2
2004,6,20,18,30,29.6,864,979,124,409,414,819,72.21000000000001
2004,6,20,19,30,29.700000000000003,864,985,125,864,125,985,72.21000000000001
2004,6,20,20,30,29.700000000000003,850,924,123,850,123,924,72.26
2004,6,20,21,30,29.6,782,793,140,782,140,793,72.49
2004,6,20,22,30,29.5,722,622,129,722,129,622,72.49
2004,6,20,23,30,29.3,617,417,112,617,112,417,72.62
2004,6,21,0,30,29,426,202,82,426,82,202,73.15
2004,6,21,1,30,28.700000000000003,71,27,23,0,20,20,74.51
2004,6,21,2,30,28.6,0,0,0,0,0,0,75.05
2004,6,21,3,30,28.5,0,0,0,0,0,0,74.9
2004,6,21,4,30,28.400000000000002,0,0,0,0,0,0,74.62
2004,6,21,5,30,28.3,0,0,0,0,0,0,74.32000000000001
2004,6,21,6,30,28.3,0,0,0,0,0,0,73.42
2004,6,21,7,30,28.200000000000003,0,0,0,0,0,0,73.3
2004,6,21,8,30,28.1,0,0,0,0,0,0,73.35000000000001
2004,6,21,9,30,28,0,0,0,0,0,0,73.44
2004,6,21,10,30,27.900000000000002,0,0,0,0,0,0,73.75
2004,6,21,11,30,27.8,0,0,0,0,0,0,74.17
2004,6,21,12,30,27.900000000000002,19,11,10,19,10,11,73.88
2004,6,21,13,30,28.200000000000003,377,168,76,377,76,168,72.81
2004,6,21,14,30,28.6,586,379,111,586,111,379,71.42
2004,6,21,15,30,29.1,697,587,132,697,132,587,70.27
2004,6,21,16,30,29.400000000000002,761,764,145,761,145,764,70.55
2004,6,21,17,30,29.6,798,893,153,798,153,893,70.99
2004,6,21,18,30,29.6,839,971,140,839,140,971,71.93
2004,6,21,19,30,29.6,841,977,140,841,140,977,72.65
2004,6,21,20,30,29.5,829,918,136,829,136,918,73.27
2004,6,21,21,30,29.3,787,795,137,787,137,795,74.29
2004,6,21,22,30,29.1,732,624,125,382,293,554,75.32000000000001
2004,6,21,23,30,28.900000000000002,634,420,107,127,203,266,76.42
2004,6,22,0,30,28.5,456,206,78,100,128,156,78.53
2004,6,22,1,30,28.200000000000003,94,29,23,0,17,17,80.96000000000001
2004,6,22,2,30,28,0,0,0,0,0,0,82.76
2004,6,22,3,30,27.900000000000002,0,0,0,0,0,0,83.56
2004,6,22,4,30,27.8,0,0,0,0,0,0,83.52
2004,6,22,5,30,27.6,0,0,0,0,0,0,83.57000000000001
2004,6,22,6,30,27.5,0,0,0,0,0,0,84.09
2004,6,22,7,30,27.400000000000002,0,0,0,0,0,0,85.13
2004,6,22,8,30,27.3,0,0,0,0,0,0,84.5
2004,6,22,9,30,27.200000000000003,0,0,0,0,0,0,83.29
2004,6,22,10,30,27,0,0,0,0,0,0,81.05
2004,6,22,11,30,26.900000000000002,0,0,0,0,0,0,78.27
2004,6,22,12,30,27.200000000000003,69,13,12,0,7,7,74.36
2004,6,22,13,30,27.8,507,180,56,507,56,180,69.8
2004,6,22,14,30,28.8,700,398,78,239,208,318,64.17
2004,6,22,15,30,29.900000000000002,797,609,90,382,270,519,58.45
2004,6,22,16,30,30.6,853,790,98,853,98,790,55.25
2004,6,22,17,30,31.1,884,922,102,884,102,922,53.97
2004,6,22,18,30,31.400000000000002,893,992,109,893,109,992,54.25
2004,6,22,19,30,31.5,895,999,108,895,108,999,55.56
2004,6,22,20,30,31.5,883,938,106,883,106,938,57.38
2004,6,22,21,30,31.3,834,812,114,834,114,812,59.300000000000004
2004,6,22,22,30,31,785,641,104,785,104,641,61.02
2004,6,22,23,30,30.6,696,434,90,696,90,434,62.95
2004,6,23,0,30,29.900000000000002,525,215,67,525,67,215,66.22
2004,6,23,1,30,29.200000000000003,141,32,23,141,23,32,70.33
2004,6,23,2,30,28.8,0,0,0,0,0,0,73.37
2004,6,23,3,30,28.5,0,0,0,0,0,0,75.16
2004,6,23,4,30,28.3,0,0,0,0,0,0,76.23
2004,6,23,5,30,28.200000000000003,0,0,0,0,0,0,76.37
2004,6,23,6,30,28,0,0,0,0,0,0,76.91
2004,6,23,7,30,27.900000000000002,0,0,0,0,0,0,76.9
2004,6,23,8,30,27.8,0,0,0,0,0,0,76.73
2004,6,23,9,30,27.700000000000003,0,0,0,0,0,0,76.26
2004,6,23,10,30,27.6,0,0,0,0,0,0,75.65
2004,6,23,11,30,27.5,0,0,0,0,0,0,75.26
2004,6,23,12,30,27.8,51,13,11,51,11,13,73.71000000000001
2004,6,23,13,30,28.400000000000002,487,178,60,487,60,178,70.8
2004,6,23,14,30,29.3,685,396,83,685,83,396,66.64
2004,6,23,15,30,30.1,788,609,96,788,96,609,61.78
2004,6,23,16,30,30.700000000000003,845,790,104,845,104,790,58.980000000000004
2004,6,23,17,30,31.200000000000003,881,924,108,881,108,924,57.09
2004,6,23,18,30,31.5,883,993,119,883,119,993,56.11
2004,6,23,19,30,31.700000000000003,887,1000,118,887,118,1000,55.870000000000005
2004,6,23,20,30,31.700000000000003,876,940,114,876,114,940,56.13
2004,6,23,21,30,31.6,856,822,105,856,105,822,56.26
2004,6,23,22,30,31.400000000000002,809,649,96,809,96,649,56.36
2004,6,23,23,30,31.1,723,441,83,723,83,441,57.02
2004,6,24,0,30,30.400000000000002,556,220,63,556,63,220,59.49
2004,6,24,1,30,29.700000000000003,170,33,23,170,23,33,63.34
2004,6,24,2,30,29.200000000000003,0,0,0,0,0,0,66.77
2004,6,24,3,30,29,0,0,0,0,0,0,68.37
2004,6,24,4,30,28.8,0,0,0,0,0,0,70.03
2004,6,24,5,30,28.6,0,0,0,0,0,0,71.67
2004,6,24,6,30,28.400000000000002,0,0,0,0,0,0,73.11
2004,6,24,7,30,28.200000000000003,0,0,0,0,0,0,74.4
2004,6,24,8,30,28,0,0,0,0,0,0,75.02
2004,6,24,9,30,27.8,0,0,0,0,0,0,75.04
2004,6,24,10,30,27.700000000000003,0,0,0,0,0,0,75.19
2004,6,24,11,30,27.700000000000003,0,0,0,0,0,0,75.68
2004,6,24,12,30,27.900000000000002,32,12,11,32,11,12,75.66
2004,6,24,13,30,28.5,430,170,67,430,67,170,73.71000000000001
2004,6,24,14,30,29.200000000000003,626,383,98,626,98,383,71.26
2004,6,24,15,30,29.8,732,592,116,330,262,477,68.22
2004,6,24,16,30,30.400000000000002,800,773,124,187,327,478,65.32000000000001
2004,6,24,17,30,30.900000000000002,840,906,128,259,388,628,63.300000000000004
2004,6,24,18,30,31.3,826,970,152,826,152,970,62.04
2004,6,24,19,30,31.5,832,978,150,832,150,978,61.75
2004,6,24,20,30,31.5,820,919,146,622,197,784,62.11
2004,6,24,21,30,31.3,803,803,131,438,261,627,62.86
2004,6,24,22,30,31,748,632,120,500,189,531,63.53
2004,6,24,23,30,30.5,656,427,102,29,184,199,64.7
2004,6,25,0,30,30,484,211,74,484,74,211,66.05
2004,6,25,1,30,29.5,113,31,24,0,21,21,68.24
2004,6,25,2,30,29.1,0,0,0,0,0,0,70.89
2004,6,25,3,30,28.8,0,0,0,0,0,0,72.44
2004,6,25,4,30,28.6,0,0,0,0,0,0,73.31
2004,6,25,5,30,28.400000000000002,0,0,0,0,0,0,73.85000000000001
2004,6,25,6,30,28.200000000000003,0,0,0,0,0,0,74.45
2004,6,25,7,30,28.1,0,0,0,0,0,0,74.76
2004,6,25,8,30,28,0,0,0,0,0,0,74.98
2004,6,25,9,30,27.900000000000002,0,0,0,0,0,0,74.46000000000001
2004,6,25,10,30,27.8,0,0,0,0,0,0,74.78
2004,6,25,11,30,27.8,0,0,0,0,0,0,74.47
2004,6,25,12,30,28,12,9,9,12,9,9,73.16
2004,6,25,13,30,28.700000000000003,357,163,78,357,78,163,69.05
2004,6,25,14,30,29.5,573,375,115,573,115,375,65.02
2004,6,25,15,30,30.3,695,585,134,695,134,585,60.5
2004,6,25,16,30,31,770,766,142,770,142,766,56.97
2004,6,25,17,30,31.5,816,899,144,816,144,899,55.22
2004,6,25,18,30,31.700000000000003,864,981,126,864,126,981,55.33
2004,6,25,19,30,31.700000000000003,869,989,124,869,124,989,56.36
2004,6,25,20,30,31.6,858,930,121,858,121,930,57.6
2004,6,25,21,30,31.400000000000002,822,808,119,822,119,808,58.76
2004,6,25,22,30,31.200000000000003,769,637,110,769,110,637,59.61
2004,6,25,23,30,30.8,676,431,95,676,95,431,60.85
2004,6,26,0,30,30.200000000000003,501,213,71,501,71,213,62.75
2004,6,26,1,30,29.6,124,32,24,124,24,32,65.39
2004,6,26,2,30,29.200000000000003,0,0,0,0,0,0,67.83
2004,6,26,3,30,28.900000000000002,0,0,0,0,0,0,69.28
2004,6,26,4,30,28.700000000000003,0,0,0,0,0,0,70.07000000000001
2004,6,26,5,30,28.6,0,0,0,0,0,0,70.32000000000001
2004,6,26,6,30,28.5,0,0,0,0,0,0,70.27
2004,6,26,7,30,28.400000000000002,0,0,0,0,0,0,70.36
2004,6,26,8,30,28.3,0,0,0,0,0,0,70.7
2004,6,26,9,30,28.200000000000003,0,0,0,0,0,0,71.24
2004,6,26,10,30,28.1,0,0,0,0,0,0,71.82000000000001
2004,6,26,11,30,28,0,0,0,0,0,0,72.47
2004,6,26,12,30,28.200000000000003,19,10,10,19,10,10,71.53
2004,6,26,13,30,28.8,403,166,70,403,70,166,67.53
2004,6,26,14,30,29.5,613,379,101,613,101,379,63.42
2004,6,26,15,30,30.3,727,589,117,727,117,589,59.95
2004,6,26,16,30,31,796,770,125,796,125,770,57.51
2004,6,26,17,30,31.5,838,904,128,838,128,904,56.44
2004,6,26,18,30,31.8,861,979,126,861,126,979,57.1
2004,6,26,19,30,31.8,867,988,125,867,125,988,58.88
2004,6,26,20,30,31.6,853,928,123,853,123,928,61.15
2004,6,26,21,30,31.400000000000002,823,807,117,823,117,807,63.07
2004,6,26,22,30,31.200000000000003,766,635,110,766,110,635,64.77
2004,6,26,23,30,30.8,666,428,98,666,98,428,66.86
2004,6,27,0,30,30.3,481,211,74,481,74,211,69.36
2004,6,27,1,30,29.8,104,31,24,104,24,31,72.84
2004,6,27,2,30,29.400000000000002,0,0,0,0,0,0,76.18
2004,6,27,3,30,29.1,0,0,0,0,0,0,78.35000000000001
2004,6,27,4,30,28.900000000000002,0,0,0,0,0,0,79.69
2004,6,27,5,30,28.8,0,0,0,0,0,0,80.33
2004,6,27,6,30,28.6,0,0,0,0,0,0,81.11
2004,6,27,7,30,28.5,0,0,0,0,0,0,80.94
2004,6,27,8,30,28.3,0,0,0,0,0,0,82.28
2004,6,27,9,30,28.1,0,0,0,0,0,0,83.72
2004,6,27,10,30,28,0,0,0,0,0,0,84.37
2004,6,27,11,30,27.8,0,0,0,0,0,0,85.15
2004,6,27,12,30,27.8,4,7,7,4,7,7,84.61
2004,6,27,13,30,28.1,301,156,85,301,85,156,81.87
2004,6,27,14,30,28.5,522,364,128,522,128,364,79.12
2004,6,27,15,30,29,644,571,153,644,153,571,75.87
2004,6,27,16,30,29.3,714,747,170,714,170,747,74.24
2004,6,27,17,30,29.5,749,876,182,749,182,876,73.53
2004,6,27,18,30,29.5,847,970,131,847,131,970,74.05
2004,6,27,19,30,29.200000000000003,837,973,139,837,139,973,75.94
2004,6,27,20,30,28.900000000000002,814,912,144,814,144,912,77.76
2004,6,27,21,30,28.700000000000003,754,785,153,754,153,785,78.94
2004,6,27,22,30,28.6,697,618,140,697,140,618,79.45
2004,6,27,23,30,28.400000000000002,605,417,116,605,116,417,80.15
2004,6,28,0,30,28.3,436,206,82,436,82,206,80.45
2004,6,28,1,30,28.1,93,30,24,1,24,24,81.43
2004,6,28,2,30,28,0,0,0,0,0,0,82.11
2004,6,28,3,30,27.900000000000002,0,0,0,0,0,0,82.56
2004,6,28,4,30,27.8,0,0,0,0,0,0,83.10000000000001
2004,6,28,5,30,27.8,0,0,0,0,0,0,83.18
2004,6,28,6,30,27.700000000000003,0,0,0,0,0,0,83.7
2004,6,28,7,30,27.5,0,0,0,0,0,0,84.36
2004,6,28,8,30,27.400000000000002,0,0,0,0,0,0,84.47
2004,6,28,9,30,27.400000000000002,0,0,0,0,0,0,84.36
2004,6,28,10,30,27.3,0,0,0,0,0,0,84.41
2004,6,28,11,30,27.3,0,0,0,0,0,0,84.37
2004,6,28,12,30,27.5,30,10,10,0,6,6,83.96000000000001
2004,6,28,13,30,27.8,454,168,60,454,60,168,82.96000000000001
2004,6,28,14,30,28.200000000000003,658,383,85,658,85,383,81.73
2004,6,28,15,30,28.6,761,593,100,260,299,468,79.57000000000001
2004,6,28,16,30,29,821,772,109,821,109,772,76.63
2004,6,28,17,30,29.200000000000003,854,904,114,661,208,820,74.76
2004,6,28,18,30,29.200000000000003,839,968,138,612,250,855,74.21000000000001
2004,6,28,19,30,29.1,841,976,139,435,316,749,74.65
2004,6,28,20,30,28.900000000000002,828,918,136,272,368,626,75.87
2004,6,28,21,30,28.700000000000003,798,798,129,241,342,545,77.41
2004,6,28,22,30,28.5,747,630,117,222,334,486,78.91
2004,6,28,23,30,28.3,660,427,98,413,164,370,80.16
2004,6,29,0,30,28.200000000000003,493,212,71,106,122,152,80.96000000000001
2004,6,29,1,30,28,128,32,24,1,22,22,82.68
2004,6,29,2,30,27.900000000000002,0,0,0,0,0,0,83.53
2004,6,29,3,30,27.900000000000002,0,0,0,0,0,0,83.73
2004,6,29,4,30,27.8,0,0,0,0,0,0,84.74
2004,6,29,5,30,27.700000000000003,0,0,0,0,0,0,85.68
2004,6,29,6,30,27.6,0,0,0,0,0,0,86.16
2004,6,29,7,30,27.5,0,0,0,0,0,0,86.74
2004,6,29,8,30,27.400000000000002,0,0,0,0,0,0,87.3
2004,6,29,9,30,27.3,0,0,0,0,0,0,87.52
2004,6,29,10,30,27.200000000000003,0,0,0,0,0,0,87.54
2004,6,29,11,30,27.1,0,0,0,0,0,0,87.54
2004,6,29,12,30,27.1,24,9,9,0,3,3,87.49
2004,6,29,13,30,27.3,428,165,64,296,52,122,86.44
2004,6,29,14,30,27.6,641,380,90,10,127,132,85.27
2004,6,29,15,30,28,753,590,103,604,143,534,82.38
2004,6,29,16,30,28.6,822,773,108,326,359,622,77.74
2004,6,29,17,30,29.1,863,907,109,191,445,622,73.11
2004,6,29,18,30,29.6,881,982,110,431,398,824,67.72
2004,6,29,19,30,30,889,992,107,16,410,425,63.74
2004,6,29,20,30,30.200000000000003,880,934,103,253,447,686,63.18
2004,6,29,21,30,30,842,812,106,842,106,812,66.12
2004,6,29,22,30,29.700000000000003,790,641,98,790,98,641,69.66
2004,6,29,23,30,29.3,701,435,86,701,86,435,73.48
2004,6,30,0,30,28.8,534,217,65,534,65,217,77.46000000000001
2004,6,30,1,30,28.5,159,34,23,159,23,34,80.52
2004,6,30,2,30,28.3,0,0,0,0,0,0,82.34
2004,6,30,3,30,28.200000000000003,0,0,0,0,0,0,82.99
2004,6,30,4,30,28.1,0,0,0,0,0,0,83.31
2004,6,30,5,30,28,0,0,0,0,0,0,83.55
2004,6,30,6,30,27.900000000000002,0,0,0,0,0,0,83.89
2004,6,30,7,30,27.8,0,0,0,0,0,0,84.15
2004,6,30,8,30,27.700000000000003,0,0,0,0,0,0,84.2
2004,6,30,9,30,27.6,0,0,0,0,0,0,84.4
2004,6,30,10,30,27.6,0,0,0,0,0,0,84.08
2004,6,30,11,30,27.5,0,0,0,0,0,0,84.17
2004,6,30,12,30,27.6,27,10,9,0,4,4,83.05
2004,6,30,13,30,27.8,437,165,62,55,115,128,81.49
2004,6,30,14,30,28.200000000000003,641,378,90,641,90,378,79.77
2004,6,30,15,30,28.6,749,588,104,525,193,532,77.60000000000001
2004,6,30,16,30,29,814,769,112,422,268,609,75.05
2004,6,30,17,30,29.400000000000002,852,903,115,852,115,903,73.08
2004,6,30,18,30,29.700000000000003,852,971,129,444,394,833,71.91
2004,6,30,19,30,29.900000000000002,859,981,126,859,126,981,71.43
2004,6,30,20,30,30,852,925,120,852,120,925,71.55
2004,6,30,21,30,30.1,846,812,101,846,101,812,71.34
2004,6,30,22,30,30.1,802,643,92,802,92,643,71.34
2004,6,30,23,30,29.900000000000002,722,439,79,722,79,439,72.06
2004,7,1,0,30,29.6,564,221,59,124,136,171,73.42
2004,7,1,1,30,29.1,190,35,22,3,25,25,76.68
2004,7,1,2,30,28.8,0,0,0,0,0,0,78.94
2004,7,1,3,30,28.700000000000003,0,0,0,0,0,0,79.19
2004,7,1,4,30,28.6,0,0,0,0,0,0,78.95
2004,7,1,5,30,28.5,0,0,0,0,0,0,78.04
2004,7,1,6,30,28.3,0,0,0,0,0,0,77.45
2004,7,1,7,30,28.200000000000003,0,0,0,0,0,0,77.37
2004,7,1,8,30,28,0,0,0,0,0,0,77.62
2004,7,1,9,30,27.900000000000002,0,0,0,0,0,0,78.08
2004,7,1,10,30,27.900000000000002,0,0,0,0,0,0,78.48
2004,7,1,11,30,27.900000000000002,0,0,0,0,0,0,78.88
2004,7,1,12,30,28.200000000000003,0,0,0,0,0,0,78.11
2004,7,1,13,30,28.700000000000003,479,168,56,479,56,168,76.33
2004,7,1,14,30,29.3,672,382,80,672,80,382,74.24
2004,7,1,15,30,29.8,770,592,95,770,95,592,72.26
2004,7,1,16,30,30.1,827,771,104,335,353,623,71.43
2004,7,1,17,30,30.3,860,904,109,860,109,904,71.28
2004,7,1,18,30,30.3,877,978,111,877,111,978,72.21000000000001
2004,7,1,19,30,30.200000000000003,880,986,110,880,110,986,73.57000000000001
2004,7,1,20,30,30.1,867,928,108,867,108,928,74.95
2004,7,1,21,30,30,798,799,128,798,128,799,75.88
2004,7,1,22,30,29.8,739,628,120,739,120,628,76.79
2004,7,1,23,30,29.6,637,423,106,72,207,243,77.31
2004,7,2,0,30,29.3,451,208,79,0,12,12,78.63
2004,7,2,1,30,28.900000000000002,91,31,25,0,12,12,80.99
2004,7,2,2,30,28.700000000000003,0,0,0,0,0,0,82.51
2004,7,2,3,30,28.6,0,0,0,0,0,0,83.15
2004,7,2,4,30,28.400000000000002,0,0,0,0,0,0,83.96000000000001
2004,7,2,5,30,28.3,0,0,0,0,0,0,84.15
2004,7,2,6,30,28.1,0,0,0,0,0,0,84.75
2004,7,2,7,30,28,0,0,0,0,0,0,84.77
2004,7,2,8,30,27.900000000000002,0,0,0,0,0,0,84.93
2004,7,2,9,30,27.8,0,0,0,0,0,0,85.07000000000001
2004,7,2,10,30,27.700000000000003,0,0,0,0,0,0,85.19
2004,7,2,11,30,27.8,0,0,0,0,0,0,84.10000000000001
2004,7,2,12,30,28,0,0,0,0,0,0,82.56
2004,7,2,13,30,28.5,388,159,69,30,101,108,79.75
2004,7,2,14,30,29,606,372,100,606,100,372,77.38
2004,7,2,15,30,29.5,720,581,117,720,117,581,74.92
2004,7,2,16,30,29.900000000000002,784,761,128,784,128,761,74.14
2004,7,2,17,30,30.1,822,894,134,822,134,894,74.11
2004,7,2,18,30,30.200000000000003,856,973,126,856,126,973,74.25
2004,7,2,19,30,30.200000000000003,857,981,128,857,128,981,74.68
2004,7,2,20,30,30.1,843,924,127,843,127,924,75.18
2004,7,2,21,30,30,816,806,120,816,120,806,75.5
2004,7,2,22,30,29.700000000000003,763,636,111,763,111,636,76.51
2004,7,2,23,30,29.3,672,432,96,672,96,432,77.82000000000001
2004,7,3,0,30,28.900000000000002,497,215,72,497,72,215,79.15
2004,7,3,1,30,28.5,128,33,24,1,24,24,80.99
2004,7,3,2,30,28.3,0,0,0,0,0,0,81.93
2004,7,3,3,30,28.200000000000003,0,0,0,0,0,0,82.32000000000001
2004,7,3,4,30,28.1,0,0,0,0,0,0,82.71000000000001
2004,7,3,5,30,28,0,0,0,0,0,0,83.08
2004,7,3,6,30,28,0,0,0,0,0,0,82.81
2004,7,3,7,30,27.900000000000002,0,0,0,0,0,0,82.87
2004,7,3,8,30,27.8,0,0,0,0,0,0,82.86
2004,7,3,9,30,27.700000000000003,0,0,0,0,0,0,83.04
2004,7,3,10,30,27.6,0,0,0,0,0,0,83.35000000000001
2004,7,3,11,30,27.6,0,0,0,0,0,0,83.22
2004,7,3,12,30,27.900000000000002,0,0,0,0,0,0,82
2004,7,3,13,30,28.3,440,163,61,78,112,131,79.61
2004,7,3,14,30,28.6,652,378,86,652,86,378,78.06
2004,7,3,15,30,28.900000000000002,759,589,100,759,100,589,76.7
2004,7,3,16,30,29.3,820,770,109,820,109,770,75.07000000000001
2004,7,3,17,30,29.5,856,904,113,856,113,904,74.65
2004,7,3,18,30,29.6,854,973,129,854,129,973,74.48
2004,7,3,19,30,29.700000000000003,856,982,130,856,130,982,74.16
2004,7,3,20,30,29.700000000000003,841,924,128,841,128,924,74.31
2004,7,3,21,30,29.700000000000003,814,806,121,814,121,806,73.98
2004,7,3,22,30,29.6,759,635,113,759,113,635,73.99
2004,7,3,23,30,29.400000000000002,662,430,99,662,99,430,74.5
2004,7,4,0,30,29.1,479,212,75,479,75,212,75.7
2004,7,4,1,30,28.8,102,32,25,0,22,22,78.11
2004,7,4,2,30,28.6,0,0,0,0,0,0,80.14
2004,7,4,3,30,28.5,0,0,0,0,0,0,81.17
2004,7,4,4,30,28.400000000000002,0,0,0,0,0,0,81.92
2004,7,4,5,30,28.3,0,0,0,0,0,0,82.63
2004,7,4,6,30,28.3,0,0,0,0,0,0,82.91
2004,7,4,7,30,28.200000000000003,0,0,0,0,0,0,83.73
2004,7,4,8,30,28.1,0,0,0,0,0,0,84.53
2004,7,4,9,30,28.1,0,0,0,0,0,0,84.10000000000001
2004,7,4,10,30,28.1,0,0,0,0,0,0,82.67
2004,7,4,11,30,28,0,0,0,0,0,0,81.55
2004,7,4,12,30,28.1,0,0,0,0,0,0,81.37
2004,7,4,13,30,28.5,461,163,57,159,108,145,80.42
2004,7,4,14,30,29.1,675,380,79,443,137,335,76.99
2004,7,4,15,30,29.700000000000003,783,593,89,376,222,464,72.34
2004,7,4,16,30,30.3,843,775,96,586,178,651,68.38
2004,7,4,17,30,30.8,876,909,100,334,345,653,64.79
2004,7,4,18,30,31.1,854,972,128,377,330,702,63.02
2004,7,4,19,30,31.1,858,982,128,189,408,595,63.67
2004,7,4,20,30,31,848,925,124,350,353,684,64.99
2004,7,4,21,30,30.8,822,807,116,573,180,662,66.5
2004,7,4,22,30,30.400000000000002,770,637,106,245,281,450,68.58
2004,7,4,23,30,30.1,683,433,91,683,91,433,70.48
2004,7,5,0,30,29.6,517,216,68,517,68,216,73.51
2004,7,5,1,30,29.1,146,33,24,2,26,26,77.45
2004,7,5,2,30,28.8,0,0,0,0,0,0,79.72
2004,7,5,3,30,28.700000000000003,0,0,0,0,0,0,80.45
2004,7,5,4,30,28.6,0,0,0,0,0,0,80.82000000000001
2004,7,5,5,30,28.5,0,0,0,0,0,0,81
2004,7,5,6,30,28.400000000000002,0,0,0,0,0,0,81.09
2004,7,5,7,30,28.3,0,0,0,0,0,0,81.2
2004,7,5,8,30,28.1,0,0,0,0,0,0,82.03
2004,7,5,9,30,27.900000000000002,0,0,0,0,0,0,83.27
2004,7,5,10,30,27.700000000000003,0,0,0,0,0,0,84.71000000000001
2004,7,5,11,30,27.5,0,0,0,0,0,0,85.64
2004,7,5,12,30,27.3,0,0,0,0,0,0,85.72
2004,7,5,13,30,27.400000000000002,450,161,58,3,60,60,83.66
2004,7,5,14,30,27.700000000000003,655,376,83,1,129,130,80.15
2004,7,5,15,30,28.3,759,586,98,55,282,317,75.75
2004,7,5,16,30,28.900000000000002,818,766,108,321,357,616,72.92
2004,7,5,17,30,29.400000000000002,851,899,113,851,113,899,70.97
2004,7,5,18,30,29.700000000000003,838,966,137,684,203,878,70.16
2004,7,5,19,30,29.900000000000002,843,975,135,843,135,975,70.32000000000001
2004,7,5,20,30,29.900000000000002,831,918,132,831,132,918,71.68
2004,7,5,21,30,29.700000000000003,827,806,111,827,111,806,73.78
2004,7,5,22,30,29.400000000000002,771,636,104,369,239,494,75.71000000000001
2004,7,5,23,30,29,670,429,94,69,212,247,78.01
2004,7,6,0,30,28.6,477,211,74,16,111,115,80.92
2004,7,6,1,30,28.1,97,31,24,0,18,18,84.92
2004,7,6,2,30,27.8,0,0,0,0,0,0,87.55
2004,7,6,3,30,27.6,0,0,0,0,0,0,89.58
2004,7,6,4,30,27.400000000000002,0,0,0,0,0,0,91.38
2004,7,6,5,30,27.200000000000003,0,0,0,0,0,0,92.08
2004,7,6,6,30,26.900000000000002,0,0,0,0,0,0,92.56
2004,7,6,7,30,26.700000000000003,0,0,0,0,0,0,91.96000000000001
2004,7,6,8,30,26.6,0,0,0,0,0,0,90.71000000000001
2004,7,6,9,30,26.5,0,0,0,0,0,0,89.41
2004,7,6,10,30,26.400000000000002,0,0,0,0,0,0,88.09
2004,7,6,11,30,26.400000000000002,0,0,0,0,0,0,86.52
2004,7,6,12,30,26.700000000000003,0,0,0,0,0,0,84.14
2004,7,6,13,30,27.1,393,156,66,0,4,4,81.42
2004,7,6,14,30,27.700000000000003,611,369,97,132,185,244,78.16
2004,7,6,15,30,28.3,725,580,114,725,114,580,75.4
2004,7,6,16,30,28.700000000000003,792,761,123,333,302,570,74.74
2004,7,6,17,30,28.900000000000002,833,896,127,56,404,456,75.15
2004,7,6,18,30,29.1,846,969,134,846,134,969,75.47
2004,7,6,19,30,29.1,847,978,135,847,135,978,76.11
2004,7,6,20,30,29,831,920,133,831,133,920,76.91
2004,7,6,21,30,28.8,713,780,180,713,180,780,78.03
2004,7,6,22,30,28.6,649,612,164,649,164,612,79.22
2004,7,6,23,30,28.3,543,411,139,543,139,411,80.77
2004,7,7,0,30,28.1,355,200,98,0,5,5,81.87
2004,7,7,1,30,27.900000000000002,50,27,24,0,13,13,83.43
2004,7,7,2,30,27.8,0,0,0,0,0,0,84.22
2004,7,7,3,30,27.8,0,0,0,0,0,0,84.27
2004,7,7,4,30,27.8,0,0,0,0,0,0,84.16
2004,7,7,5,30,27.700000000000003,0,0,0,0,0,0,84.48
2004,7,7,6,30,27.6,0,0,0,0,0,0,84.64
2004,7,7,7,30,27.5,0,0,0,0,0,0,84.69
2004,7,7,8,30,27.400000000000002,0,0,0,0,0,0,84.97
2004,7,7,9,30,27.3,0,0,0,0,0,0,85.56
2004,7,7,10,30,27.200000000000003,0,0,0,0,0,0,86.48
2004,7,7,11,30,27.1,0,0,0,0,0,0,87.26
2004,7,7,12,30,27.200000000000003,0,0,0,0,0,0,86.77
2004,7,7,13,30,27.400000000000002,351,151,72,351,72,151,84.87
2004,7,7,14,30,27.700000000000003,576,363,107,576,107,363,82.02
2004,7,7,15,30,28.1,701,573,124,701,124,573,78.7
2004,7,7,16,30,28.400000000000002,775,756,132,603,214,699,76.44
2004,7,7,17,30,28.700000000000003,822,892,133,681,195,824,74.42
2004,7,7,18,30,28.900000000000002,851,970,129,468,380,842,73.03
2004,7,7,19,30,29,857,981,127,857,127,981,72.58
2004,7,7,20,30,29,847,925,124,847,124,925,73.02
2004,7,7,21,30,29,816,806,120,816,120,806,73.65
2004,7,7,22,30,29,765,637,109,765,109,637,74.18
2004,7,7,23,30,28.8,676,432,94,353,212,389,75.4
2004,7,8,0,30,28.5,508,216,70,110,140,171,77.12
2004,7,8,1,30,28.3,144,33,23,144,23,33,79.37
2004,7,8,2,30,28.1,0,0,0,0,0,0,81.21000000000001
2004,7,8,3,30,28,0,0,0,0,0,0,81.7
2004,7,8,4,30,27.900000000000002,0,0,0,0,0,0,82.14
2004,7,8,5,30,27.700000000000003,0,0,0,0,0,0,82.88
2004,7,8,6,30,27.6,0,0,0,0,0,0,83.12
2004,7,8,7,30,27.5,0,0,0,0,0,0,83.19
2004,7,8,8,30,27.400000000000002,0,0,0,0,0,0,83.03
2004,7,8,9,30,27.3,0,0,0,0,0,0,82.26
2004,7,8,10,30,27.3,0,0,0,0,0,0,81.3
2004,7,8,11,30,27.3,0,0,0,0,0,0,81.13
2004,7,8,12,30,27.5,0,0,0,0,0,0,80.3
2004,7,8,13,30,27.900000000000002,441,158,59,441,59,158,78.16
2004,7,8,14,30,28.3,646,372,86,646,86,372,75.98
2004,7,8,15,30,28.6,753,584,101,753,101,584,74.55
2004,7,8,16,30,29,817,766,109,817,109,766,72.89
2004,7,8,17,30,29.200000000000003,852,900,114,852,114,900,72.32000000000001
2004,7,8,18,30,29.5,879,979,110,879,110,979,71.42
2004,7,8,19,30,29.6,881,988,111,881,111,988,71.55
2004,7,8,20,30,29.6,869,931,108,869,108,931,72.34
2004,7,8,21,30,29.5,766,794,149,766,149,794,73.19
2004,7,8,22,30,29.400000000000002,708,625,137,708,137,625,73.74
2004,7,8,23,30,29.200000000000003,610,422,117,610,117,422,74.73
2004,7,9,0,30,28.900000000000002,434,208,84,434,84,208,76.2
2004,7,9,1,30,28.6,93,31,24,1,25,25,78.59
2004,7,9,2,30,28.400000000000002,0,0,0,0,0,0,80.13
2004,7,9,3,30,28.3,0,0,0,0,0,0,80.85000000000001
2004,7,9,4,30,28.200000000000003,0,0,0,0,0,0,81.33
2004,7,9,5,30,28.1,0,0,0,0,0,0,81.77
2004,7,9,6,30,28,0,0,0,0,0,0,82.12
2004,7,9,7,30,28,0,0,0,0,0,0,81.86
2004,7,9,8,30,27.900000000000002,0,0,0,0,0,0,82.07000000000001
2004,7,9,9,30,27.900000000000002,0,0,0,0,0,0,81.65
2004,7,9,10,30,27.8,0,0,0,0,0,0,81.59
2004,7,9,11,30,27.8,0,0,0,0,0,0,81
2004,7,9,12,30,27.900000000000002,0,0,0,0,0,0,81.13
2004,7,9,13,30,28.200000000000003,367,151,68,72,103,119,80.71000000000001
2004,7,9,14,30,28.6,587,362,103,34,209,224,79.09
2004,7,9,15,30,28.8,702,571,123,702,123,571,77.57000000000001
2004,7,9,16,30,28.900000000000002,769,752,134,769,134,752,76.77
2004,7,9,17,30,29,808,886,141,808,141,886,76.2
2004,7,9,18,30,29,812,957,155,812,155,957,76.59
2004,7,9,19,30,28.900000000000002,815,967,155,815,155,967,77.66
2004,7,9,20,30,28.8,807,912,149,807,149,912,78.64
2004,7,9,21,30,28.8,798,800,129,798,129,800,79.29
2004,7,9,22,30,28.700000000000003,750,633,116,750,116,633,80.27
2004,7,9,23,30,28.6,664,430,97,664,97,430,81.49
2004,7,10,0,30,28.5,498,215,71,103,141,170,82.95
2004,7,10,1,30,28.3,139,33,23,1,23,24,85.58
2004,7,10,2,30,28.1,0,0,0,0,0,0,87.03
2004,7,10,3,30,28.1,0,0,0,0,0,0,87.11
2004,7,10,4,30,28.1,0,0,0,0,0,0,86.95
2004,7,10,5,30,28.1,0,0,0,0,0,0,86.65
2004,7,10,6,30,28,0,0,0,0,0,0,86.51
2004,7,10,7,30,28,0,0,0,0,0,0,85.59
2004,7,10,8,30,27.900000000000002,0,0,0,0,0,0,85.10000000000001
2004,7,10,9,30,27.8,0,0,0,0,0,0,84.66
2004,7,10,10,30,27.8,0,0,0,0,0,0,84.03
2004,7,10,11,30,27.8,0,0,0,0,0,0,83.62
2004,7,10,12,30,28,0,0,0,0,0,0,82.43
2004,7,10,13,30,28.400000000000002,401,153,63,0,56,56,80.99
2004,7,10,14,30,29,612,365,95,612,95,365,77.83
2004,7,10,15,30,29.5,721,575,114,721,114,575,74.48
2004,7,10,16,30,29.8,783,755,126,254,383,586,72.67
2004,7,10,17,30,29.900000000000002,820,890,134,393,391,753,72.82000000000001
2004,7,10,18,30,30,818,960,152,818,152,960,73.37
2004,7,10,19,30,29.900000000000002,824,971,150,824,150,971,74.66
2004,7,10,20,30,29.700000000000003,816,916,144,816,144,916,76.37
2004,7,10,21,30,29.5,755,791,155,755,155,791,77.75
2004,7,10,22,30,29.3,702,624,140,702,140,624,78.93
2004,7,10,23,30,29,607,421,117,607,117,421,80.55
2004,7,11,0,30,28.8,433,208,83,0,37,37,81.74
2004,7,11,1,30,28.5,94,30,24,0,17,17,84.10000000000001
2004,7,11,2,30,28.3,0,0,0,0,0,0,85.46000000000001
2004,7,11,3,30,28.3,0,0,0,0,0,0,85.60000000000001
2004,7,11,4,30,28.200000000000003,0,0,0,0,0,0,86.34
2004,7,11,5,30,28.1,0,0,0,0,0,0,86.81
2004,7,11,6,30,28,0,0,0,0,0,0,86.95
2004,7,11,7,30,27.900000000000002,0,0,0,0,0,0,87.19
2004,7,11,8,30,27.900000000000002,0,0,0,0,0,0,86.78
2004,7,11,9,30,27.8,0,0,0,0,0,0,87.06
2004,7,11,10,30,27.700000000000003,0,0,0,0,0,0,87.51
2004,7,11,11,30,27.700000000000003,0,0,0,0,0,0,87.58
2004,7,11,12,30,27.900000000000002,0,0,0,0,0,0,86.96000000000001
2004,7,11,13,30,28.3,386,151,65,7,74,76,85.81
2004,7,11,14,30,28.8,616,366,95,8,120,124,82.11
2004,7,11,15,30,29.400000000000002,738,581,110,505,190,512,77.32000000000001
2004,7,11,16,30,29.8,808,765,118,644,193,709,74.35000000000001
2004,7,11,17,30,30.200000000000003,850,904,121,645,205,800,71.67
2004,7,11,18,30,30.5,830,970,151,675,219,885,70.28
2004,7,11,19,30,30.6,840,983,146,840,146,983,70.27
2004,7,11,20,30,30.6,834,928,138,834,138,928,70.88
2004,7,11,21,30,30.5,786,804,141,786,141,804,71.63
2004,7,11,22,30,30.3,735,634,127,735,127,634,73.05
2004,7,11,23,30,29.900000000000002,642,429,107,642,107,429,75.57000000000001
2004,7,12,0,30,29.400000000000002,465,212,78,465,78,212,78.92
2004,7,12,1,30,29,102,31,24,102,24,31,82.67
2004,7,12,2,30,28.700000000000003,0,0,0,0,0,0,85.22
2004,7,12,3,30,28.6,0,0,0,0,0,0,86.03
2004,7,12,4,30,28.5,0,0,0,0,0,0,86.62
2004,7,12,5,30,28.400000000000002,0,0,0,0,0,0,86.99
2004,7,12,6,30,28.3,0,0,0,0,0,0,87.26
2004,7,12,7,30,28.200000000000003,0,0,0,0,0,0,87.31
2004,7,12,8,30,28.1,0,0,0,0,0,0,87.24
2004,7,12,9,30,27.900000000000002,0,0,0,0,0,0,86.81
2004,7,12,10,30,27.8,0,0,0,0,0,0,86.05
2004,7,12,11,30,27.6,0,0,0,0,0,0,86.22
2004,7,12,12,30,27.6,0,0,0,0,0,0,84.68
2004,7,12,13,30,27.6,372,149,66,2,52,52,84.02
2004,7,12,14,30,27.6,614,364,95,24,156,167,83.82000000000001
2004,7,12,15,30,27.900000000000002,758,583,100,9,166,172,78.72
2004,7,12,16,30,28.400000000000002,836,770,100,1,250,251,72.65
2004,7,12,17,30,28.900000000000002,877,908,100,95,411,498,68.82000000000001
2004,7,12,18,30,29.5,894,983,101,471,298,764,65.42
2004,7,12,19,30,30,898,994,99,176,374,549,62.31
2004,7,12,20,30,30.400000000000002,888,937,97,111,426,531,59.44
2004,7,12,21,30,30.6,861,818,93,3,298,300,58.410000000000004
2004,7,12,22,30,30.400000000000002,813,647,86,25,241,259,60.46
2004,7,12,23,30,29.900000000000002,729,441,76,41,190,210,65.31
2004,7,13,0,30,29.3,576,222,57,13,96,100,70.47
2004,7,13,1,30,28.900000000000002,214,35,21,0,18,18,74.69
2004,7,13,2,30,28.6,0,0,0,0,0,0,78
2004,7,13,3,30,28.400000000000002,0,0,0,0,0,0,80.22
2004,7,13,4,30,28.200000000000003,0,0,0,0,0,0,82.09
2004,7,13,5,30,27.900000000000002,0,0,0,0,0,0,83.44
2004,7,13,6,30,27.400000000000002,0,0,0,0,0,0,85.33
2004,7,13,7,30,27,0,0,0,0,0,0,87.8
2004,7,13,8,30,26.700000000000003,0,0,0,0,0,0,89.08
2004,7,13,9,30,26.6,0,0,0,0,0,0,89.5
2004,7,13,10,30,26.700000000000003,0,0,0,0,0,0,88.87
2004,7,13,11,30,26.900000000000002,0,0,0,0,0,0,87.64
2004,7,13,12,30,27.400000000000002,0,0,0,0,0,0,84.52
2004,7,13,13,30,28.1,504,159,48,0,21,21,80.86
2004,7,13,14,30,29,698,376,70,31,144,157,75.59
2004,7,13,15,30,30,793,589,84,331,216,427,70.29
2004,7,13,16,30,30.900000000000002,846,771,93,510,204,613,63.84
2004,7,13,17,30,31.200000000000003,875,906,100,369,313,652,61.800000000000004
2004,7,13,18,30,31.200000000000003,875,977,112,274,350,620,62.43
2004,7,13,19,30,31,871,985,116,520,252,770,64.23
2004,7,13,20,30,30.5,852,926,119,458,365,798,67.3
2004,7,13,21,30,30,806,802,123,321,381,651,70.98
2004,7,13,22,30,29.5,735,629,122,414,230,515,74.92
2004,7,13,23,30,29,615,421,113,376,177,365,78.52
2004,7,14,0,30,28.6,406,204,87,120,135,169,81.37
2004,7,14,1,30,28.200000000000003,50,28,24,0,22,22,84.57000000000001
2004,7,14,2,30,28.1,0,0,0,0,0,0,85.53
2004,7,14,3,30,28,0,0,0,0,0,0,86
2004,7,14,4,30,27.900000000000002,0,0,0,0,0,0,86.44
2004,7,14,5,30,27.8,0,0,0,0,0,0,86.85000000000001
2004,7,14,6,30,27.700000000000003,0,0,0,0,0,0,87.2
2004,7,14,7,30,27.6,0,0,0,0,0,0,87.58
2004,7,14,8,30,27.5,0,0,0,0,0,0,88.10000000000001
2004,7,14,9,30,27.400000000000002,0,0,0,0,0,0,88.57000000000001
2004,7,14,10,30,27.400000000000002,0,0,0,0,0,0,88.58
2004,7,14,11,30,27.400000000000002,0,0,0,0,0,0,88.59
2004,7,14,12,30,27.5,0,0,0,0,0,0,88.23
2004,7,14,13,30,27.700000000000003,375,146,64,5,90,91,87.68
2004,7,14,14,30,28,602,359,96,103,220,265,86.35000000000001
2004,7,14,15,30,28.1,713,569,116,497,173,489,86
2004,7,14,16,30,28.3,774,750,130,322,290,548,85.01
2004,7,14,17,30,28.400000000000002,809,884,139,205,388,577,84.44
2004,7,14,18,30,28.5,805,954,159,344,371,711,83.78
2004,7,14,19,30,28.6,812,965,156,353,366,718,82.97
2004,7,14,20,30,28.6,806,912,148,283,379,647,82.77
2004,7,14,21,30,28.6,772,794,144,479,247,650,82.37
2004,7,14,22,30,28.6,720,627,130,395,232,505,81.96000000000001
2004,7,14,23,30,28.5,627,424,110,174,220,307,82.2
2004,7,15,0,30,28.3,452,209,80,27,123,130,83.07000000000001
2004,7,15,1,30,28.200000000000003,89,30,24,0,17,17,83.49
2004,7,15,2,30,28,0,0,0,0,0,0,84.23
2004,7,15,3,30,28,0,0,0,0,0,0,84.19
2004,7,15,4,30,27.900000000000002,0,0,0,0,0,0,84.83
2004,7,15,5,30,27.8,0,0,0,0,0,0,85.52
2004,7,15,6,30,27.700000000000003,0,0,0,0,0,0,86.13
2004,7,15,7,30,27.700000000000003,0,0,0,0,0,0,86.26
2004,7,15,8,30,27.6,0,0,0,0,0,0,86.75
2004,7,15,9,30,27.5,0,0,0,0,0,0,87.11
2004,7,15,10,30,27.5,0,0,0,0,0,0,86.91
2004,7,15,11,30,27.5,0,0,0,0,0,0,86.64
2004,7,15,12,30,27.700000000000003,0,0,0,0,0,0,85.62
2004,7,15,13,30,28,374,146,65,0,3,3,85.16
2004,7,15,14,30,28.400000000000002,602,359,97,169,144,218,82.99
2004,7,15,15,30,28.700000000000003,721,572,114,0,30,30,81.36
2004,7,15,16,30,28.8,789,756,125,0,33,33,80.63
2004,7,15,17,30,29,831,894,129,0,46,46,79.46000000000001
2004,7,15,18,30,29.1,861,975,125,0,84,84,78.57000000000001
2004,7,15,19,30,29.200000000000003,868,987,122,1,205,206,77.75
2004,7,15,20,30,29.3,859,932,118,28,368,394,77.12
2004,7,15,21,30,29.400000000000002,790,802,137,54,346,392,76.61
2004,7,15,22,30,29.400000000000002,738,634,124,183,306,433,76.77
2004,7,15,23,30,29.3,643,428,106,149,230,304,77.62
2004,7,16,0,30,29,463,210,78,85,143,167,80.11
2004,7,16,1,30,28.700000000000003,93,29,23,93,23,29,83.84
2004,7,16,2,30,28.5,0,0,0,0,0,0,85.42
2004,7,16,3,30,28.400000000000002,0,0,0,0,0,0,86.44
2004,7,16,4,30,28.3,0,0,0,0,0,0,87.46000000000001
2004,7,16,5,30,28.1,0,0,0,0,0,0,89.22
2004,7,16,6,30,28,0,0,0,0,0,0,90.35000000000001
2004,7,16,7,30,27.900000000000002,0,0,0,0,0,0,91.33
2004,7,16,8,30,27.900000000000002,0,0,0,0,0,0,91.57000000000001
2004,7,16,9,30,27.900000000000002,0,0,0,0,0,0,91.63
2004,7,16,10,30,27.8,0,0,0,0,0,0,91.77
2004,7,16,11,30,27.8,0,0,0,0,0,0,91.22
2004,7,16,12,30,28,0,0,0,0,0,0,89.67
2004,7,16,13,30,28.200000000000003,308,139,73,0,14,14,88.94
2004,7,16,14,30,28.5,558,352,109,0,16,16,86.38
2004,7,16,15,30,28.700000000000003,691,565,127,0,20,20,83.44
2004,7,16,16,30,28.900000000000002,766,749,136,1,147,148,80.48
2004,7,16,17,30,29.1,809,886,142,7,299,306,78.14
2004,7,16,18,30,29.1,761,944,193,6,305,310,77.16
2004,7,16,19,30,29.1,771,957,189,395,322,715,76.59
2004,7,16,20,30,29,761,903,181,426,305,709,76.94
2004,7,16,21,30,28.900000000000002,735,787,168,419,304,657,77.61
2004,7,16,22,30,28.8,675,619,153,354,314,558,78.3
2004,7,16,23,30,28.5,566,414,131,566,131,414,79.98
2004,7,17,0,30,28.200000000000003,373,200,94,373,94,200,82.14
2004,7,17,1,30,27.900000000000002,50,26,23,0,20,20,84.96000000000001
2004,7,17,2,30,27.8,0,0,0,0,0,0,85.60000000000001
2004,7,17,3,30,27.700000000000003,0,0,0,0,0,0,85.60000000000001
2004,7,17,4,30,27.6,0,0,0,0,0,0,85.28
2004,7,17,5,30,27.5,0,0,0,0,0,0,84.61
2004,7,17,6,30,27.400000000000002,0,0,0,0,0,0,83.97
2004,7,17,7,30,27.3,0,0,0,0,0,0,83.85000000000001
2004,7,17,8,30,27.200000000000003,0,0,0,0,0,0,84.12
2004,7,17,9,30,27,0,0,0,0,0,0,85.31
2004,7,17,10,30,26.900000000000002,0,0,0,0,0,0,86.42
2004,7,17,11,30,26.8,0,0,0,0,0,0,87.47
2004,7,17,12,30,27,0,0,0,0,0,0,86.95
2004,7,17,13,30,27.400000000000002,339,142,69,0,7,7,85.98
2004,7,17,14,30,27.700000000000003,579,355,103,0,10,10,84.21000000000001
2004,7,17,15,30,28,703,568,122,0,58,58,82.53
2004,7,17,16,30,28.200000000000003,771,751,135,158,329,455,81.62
2004,7,17,17,30,28.400000000000002,810,887,142,505,247,712,80.77
2004,7,17,18,30,28.5,830,963,144,611,201,804,80.47
2004,7,17,19,30,28.5,835,975,143,684,153,835,80.61
2004,7,17,20,30,28.400000000000002,823,918,139,692,145,800,81.15
2004,7,17,21,30,28.400000000000002,764,793,150,600,221,726,81.13
2004,7,17,22,30,28.200000000000003,709,625,136,512,208,561,81.88
2004,7,17,23,30,28,611,420,115,265,202,334,82.98
2004,7,18,0,30,27.8,431,205,82,224,124,188,84.5
2004,7,18,1,30,27.5,81,28,23,1,23,23,87.42
2004,7,18,2,30,27.400000000000002,0,0,0,0,0,0,88.4
2004,7,18,3,30,27.3,0,0,0,0,0,0,89.03
2004,7,18,4,30,27.3,0,0,0,0,0,0,89.10000000000001
2004,7,18,5,30,27.200000000000003,0,0,0,0,0,0,89.62
2004,7,18,6,30,27.1,0,0,0,0,0,0,90.08
2004,7,18,7,30,27,0,0,0,0,0,0,90.44
2004,7,18,8,30,26.900000000000002,0,0,0,0,0,0,90.61
2004,7,18,9,30,26.8,0,0,0,0,0,0,90.53
2004,7,18,10,30,26.700000000000003,0,0,0,0,0,0,90.10000000000001
2004,7,18,11,30,26.700000000000003,0,0,0,0,0,0,88.83
2004,7,18,12,30,26.8,0,0,0,0,0,0,87.47
2004,7,18,13,30,27,368,142,64,368,64,142,86.48
2004,7,18,14,30,27.400000000000002,600,356,96,600,96,356,83.68
2004,7,18,15,30,27.900000000000002,723,570,113,723,113,570,80.78
2004,7,18,16,30,28.400000000000002,795,755,120,795,120,755,78.74
2004,7,18,17,30,28.700000000000003,840,894,122,840,122,894,77.87
2004,7,18,18,30,29,832,964,143,832,143,964,77.12
2004,7,18,19,30,29.1,835,975,143,835,143,975,77.22
2004,7,18,20,30,29,820,918,142,820,142,918,78.09
2004,7,18,21,30,28.900000000000002,805,804,126,270,400,627,78.69
2004,7,18,22,30,28.700000000000003,747,633,118,223,334,488,79.39
2004,7,18,23,30,28.400000000000002,647,426,103,647,103,426,80.46000000000001
2004,7,19,0,30,28.1,464,208,76,464,76,208,81.69
2004,7,19,1,30,27.8,96,28,22,0,19,19,83.72
2004,7,19,2,30,27.6,0,0,0,0,0,0,85.14
2004,7,19,3,30,27.5,0,0,0,0,0,0,85.85000000000001
2004,7,19,4,30,27.5,0,0,0,0,0,0,86.11
2004,7,19,5,30,27.400000000000002,0,0,0,0,0,0,86.59
2004,7,19,6,30,27.3,0,0,0,0,0,0,86.78
2004,7,19,7,30,27.200000000000003,0,0,0,0,0,0,86.95
2004,7,19,8,30,27.1,0,0,0,0,0,0,87.06
2004,7,19,9,30,27.1,0,0,0,0,0,0,86.65
2004,7,19,10,30,27.1,0,0,0,0,0,0,85.89
2004,7,19,11,30,27.1,0,0,0,0,0,0,85.15
2004,7,19,12,30,27.3,0,0,0,0,0,0,83.77
2004,7,19,13,30,27.700000000000003,387,143,61,0,3,3,81.78
2004,7,19,14,30,28.1,616,358,92,87,188,225,79.45
2004,7,19,15,30,28.6,731,571,109,205,307,437,76.82000000000001
2004,7,19,16,30,29.1,799,757,119,799,119,757,74.95
2004,7,19,17,30,29.5,840,895,123,840,123,895,74.48
2004,7,19,18,30,29.700000000000003,856,973,128,856,128,973,75.33
2004,7,19,19,30,29.700000000000003,856,983,130,856,130,983,76.36
2004,7,19,20,30,29.700000000000003,840,926,130,840,130,926,76.78
2004,7,19,21,30,29.5,815,808,121,815,121,808,77.34
2004,7,19,22,30,29.200000000000003,756,635,114,756,114,635,78.25
2004,7,19,23,30,28.8,657,428,100,657,100,428,79.66
2004,7,20,0,30,28.400000000000002,477,209,74,477,74,209,81.45
2004,7,20,1,30,28.1,103,28,22,0,19,19,83.37
2004,7,20,2,30,27.900000000000002,0,0,0,0,0,0,84.68
2004,7,20,3,30,27.8,0,0,0,0,0,0,85.19
2004,7,20,4,30,27.700000000000003,0,0,0,0,0,0,85.67
2004,7,20,5,30,27.700000000000003,0,0,0,0,0,0,85.65
2004,7,20,6,30,27.6,0,0,0,0,0,0,85.94
2004,7,20,7,30,27.5,0,0,0,0,0,0,86.09
2004,7,20,8,30,27.400000000000002,0,0,0,0,0,0,86.08
2004,7,20,9,30,27.3,0,0,0,0,0,0,85.75
2004,7,20,10,30,27.200000000000003,0,0,0,0,0,0,85.17
2004,7,20,11,30,27.1,0,0,0,0,0,0,84.64
2004,7,20,12,30,27.200000000000003,0,0,0,0,0,0,83.52
2004,7,20,13,30,27.6,370,141,63,7,73,74,81.34
2004,7,20,14,30,28,601,356,97,17,180,187,78.72
2004,7,20,15,30,28.6,719,569,116,507,171,492,74.94
2004,7,20,16,30,29,789,755,125,264,380,590,72.74
2004,7,20,17,30,29.3,830,893,130,628,225,803,71.63
2004,7,20,18,30,29.5,834,966,143,307,463,766,71.36
2004,7,20,19,30,29.5,839,977,142,539,344,882,72.12
2004,7,20,20,30,29.5,826,921,138,672,203,838,72.71000000000001
2004,7,20,21,30,29.400000000000002,778,797,142,551,223,688,73.93
2004,7,20,22,30,29.3,716,626,133,457,222,537,75.13
2004,7,20,23,30,29,608,419,116,8,184,188,77.12
2004,7,21,0,30,28.6,415,202,84,0,10,10,79.57000000000001
2004,7,21,1,30,28.200000000000003,70,25,21,0,16,16,82.76
2004,7,21,2,30,28.1,0,0,0,0,0,0,83.43
2004,7,21,3,30,27.900000000000002,0,0,0,0,0,0,83.55
2004,7,21,4,30,27.900000000000002,0,0,0,0,0,0,82.37
2004,7,21,5,30,27.700000000000003,0,0,0,0,0,0,82.65
2004,7,21,6,30,27.6,0,0,0,0,0,0,83.61
2004,7,21,7,30,27.400000000000002,0,0,0,0,0,0,85.66
2004,7,21,8,30,27.200000000000003,0,0,0,0,0,0,87.24
2004,7,21,9,30,27.1,0,0,0,0,0,0,87.54
2004,7,21,10,30,27,0,0,0,0,0,0,87.04
2004,7,21,11,30,27,0,0,0,0,0,0,85.83
2004,7,21,12,30,27.1,0,0,0,0,0,0,84.49
2004,7,21,13,30,27.5,351,138,65,21,100,104,81.39
2004,7,21,14,30,27.900000000000002,587,352,99,200,205,291,77.85000000000001
2004,7,21,15,30,28.3,714,566,116,106,317,383,74.55
2004,7,21,16,30,28.700000000000003,786,752,126,304,365,608,72.3
2004,7,21,17,30,29.1,827,890,131,333,415,721,71.32000000000001
2004,7,21,18,30,29.3,858,972,125,717,182,889,72.35000000000001
2004,7,21,19,30,29.3,863,984,124,863,124,984,74.33
2004,7,21,20,30,29.3,858,930,118,858,118,930,75.39
2004,7,21,21,30,29.3,812,806,123,812,123,806,75.3
2004,7,21,22,30,29.3,762,636,111,592,186,594,74.32000000000001
2004,7,21,23,30,29.3,669,429,96,328,182,345,72.95
2004,7,22,0,30,29,492,209,70,32,118,127,74.05
2004,7,22,1,30,28.6,114,27,21,1,19,19,78.63
2004,7,22,2,30,28.3,0,0,0,0,0,0,82.12
2004,7,22,3,30,28.1,0,0,0,0,0,0,84.01
2004,7,22,4,30,28,0,0,0,0,0,0,85.09
2004,7,22,5,30,27.8,0,0,0,0,0,0,86.94
2004,7,22,6,30,27.6,0,0,0,0,0,0,88.14
2004,7,22,7,30,27.5,0,0,0,0,0,0,88.29
2004,7,22,8,30,27.3,0,0,0,0,0,0,88.77
2004,7,22,9,30,27.200000000000003,0,0,0,0,0,0,88.59
2004,7,22,10,30,27.1,0,0,0,0,0,0,88.35000000000001
2004,7,22,11,30,27,0,0,0,0,0,0,87.66
2004,7,22,12,30,27,0,0,0,0,0,0,86.59
2004,7,22,13,30,27.3,405,141,57,0,3,3,84.34
2004,7,22,14,30,27.6,629,357,87,0,9,9,81.86
2004,7,22,15,30,27.8,740,570,104,0,20,20,80.57000000000001
2004,7,22,16,30,27.900000000000002,805,755,114,0,33,33,80.44
2004,7,22,17,30,28,843,893,119,0,65,65,80.5
2004,7,22,18,30,28.1,852,968,128,1,174,175,80.25
2004,7,22,19,30,28.1,855,979,127,4,264,267,80.15
2004,7,22,20,30,28.1,845,924,124,47,386,430,79.96000000000001
2004,7,22,21,30,28.1,801,801,128,278,299,533,79.60000000000001
2004,7,22,22,30,28.1,751,632,115,532,189,555,79.24
2004,7,22,23,30,28,662,426,97,451,161,385,79.31
2004,7,23,0,30,27.900000000000002,489,208,70,9,120,123,79.60000000000001
2004,7,23,1,30,27.700000000000003,114,27,20,0,17,17,80.92
2004,7,23,2,30,27.700000000000003,0,0,0,0,0,0,81.16
2004,7,23,3,30,27.6,0,0,0,0,0,0,80.54
2004,7,23,4,30,27.6,0,0,0,0,0,0,79.78
2004,7,23,5,30,27.400000000000002,0,0,0,0,0,0,81.41
2004,7,23,6,30,27.3,0,0,0,0,0,0,83.10000000000001
2004,7,23,7,30,27.200000000000003,0,0,0,0,0,0,83.83
2004,7,23,8,30,27.1,0,0,0,0,0,0,84.75
2004,7,23,9,30,26.900000000000002,0,0,0,0,0,0,86.05
2004,7,23,10,30,26.8,0,0,0,0,0,0,86.12
2004,7,23,11,30,26.700000000000003,0,0,0,0,0,0,86.12
2004,7,23,12,30,26.700000000000003,0,0,0,0,0,0,85.79
2004,7,23,13,30,26.900000000000002,412,141,56,0,16,16,85.24
2004,7,23,14,30,27.1,639,357,84,0,42,43,83.84
2004,7,23,15,30,27.400000000000002,753,572,99,2,131,132,82.74
2004,7,23,16,30,27.700000000000003,818,758,107,0,121,121,80.79
2004,7,23,17,30,28,856,897,111,7,264,271,78.28
2004,7,23,18,30,28.3,847,967,133,6,276,282,75.51
2004,7,23,19,30,28.5,855,980,129,242,368,609,73.68
2004,7,23,20,30,28.5,848,926,123,145,431,569,73.65
2004,7,23,21,30,28.5,832,810,110,166,336,476,73.8
2004,7,23,22,30,28.400000000000002,785,640,100,53,285,322,74.28
2004,7,23,23,30,28.3,701,432,85,34,190,207,74.59
2004,7,24,0,30,28,534,212,63,14,99,103,76.03
2004,7,24,1,30,27.700000000000003,147,28,19,0,15,15,79.29
2004,7,24,2,30,27.6,0,0,0,0,0,0,79.74
2004,7,24,3,30,27.6,0,0,0,0,0,0,78.57000000000001
2004,7,24,4,30,27.6,0,0,0,0,0,0,77.21000000000001
2004,7,24,5,30,27.6,0,0,0,0,0,0,76.46000000000001
2004,7,24,6,30,27.400000000000002,0,0,0,0,0,0,77.48
2004,7,24,7,30,27.3,0,0,0,0,0,0,78.23
2004,7,24,8,30,27.200000000000003,0,0,0,0,0,0,78.8
2004,7,24,9,30,27.1,0,0,0,0,0,0,78.89
2004,7,24,10,30,27,0,0,0,0,0,0,78.48
2004,7,24,11,30,26.900000000000002,0,0,0,0,0,0,78.23
2004,7,24,12,30,27.1,0,0,0,0,0,0,76.96000000000001
2004,7,24,13,30,27.6,430,142,54,430,54,142,75.38
2004,7,24,14,30,28.200000000000003,652,360,82,652,82,360,71.38
2004,7,24,15,30,28.700000000000003,761,576,98,634,131,529,68.99
2004,7,24,16,30,29.1,823,762,107,453,229,589,67.56
2004,7,24,17,30,29.3,858,901,113,368,327,664,67.18
2004,7,24,18,30,29.400000000000002,877,980,115,619,185,794,68.01
2004,7,24,19,30,29.400000000000002,881,992,114,438,398,835,69.52
2004,7,24,20,30,29.400000000000002,871,935,111,871,111,935,70.65
2004,7,24,21,30,29.3,824,811,117,824,117,811,71.98
2004,7,24,22,30,29.1,773,639,107,773,107,639,73.52
2004,7,24,23,30,28.900000000000002,681,430,92,681,92,430,74.94
2004,7,25,0,30,28.6,506,209,68,506,68,209,77.29
2004,7,25,1,30,28.3,120,26,20,120,20,26,80.45
2004,7,25,2,30,28.1,0,0,0,0,0,0,81.62
2004,7,25,3,30,28.1,0,0,0,0,0,0,81.48
2004,7,25,4,30,28,0,0,0,0,0,0,81.52
2004,7,25,5,30,28,0,0,0,0,0,0,81.03
2004,7,25,6,30,27.900000000000002,0,0,0,0,0,0,81.53
2004,7,25,7,30,27.8,0,0,0,0,0,0,82.52
2004,7,25,8,30,27.6,0,0,0,0,0,0,83.95
2004,7,25,9,30,27.5,0,0,0,0,0,0,84.65
2004,7,25,10,30,27.400000000000002,0,0,0,0,0,0,85.09
2004,7,25,11,30,27.400000000000002,0,0,0,0,0,0,84.76
2004,7,25,12,30,27.6,0,0,0,0,0,0,83.31
2004,7,25,13,30,27.900000000000002,379,136,59,0,6,6,81.93
2004,7,25,14,30,28.3,609,351,92,0,15,15,79.23
2004,7,25,15,30,28.6,724,566,111,15,203,213,77.02
2004,7,25,16,30,28.900000000000002,791,751,122,1,133,133,75.72
2004,7,25,17,30,29.200000000000003,832,890,127,258,346,582,74.78
2004,7,25,18,30,29.5,860,971,123,207,474,678,73.71000000000001
2004,7,25,19,30,29.700000000000003,864,983,123,864,123,983,73.27
2004,7,25,20,30,29.700000000000003,854,927,120,854,120,927,73.68
2004,7,25,21,30,29.700000000000003,833,810,110,833,110,810,73.89
2004,7,25,22,30,29.6,784,639,100,784,100,639,74.39
2004,7,25,23,30,29.400000000000002,696,431,87,290,218,361,75.44
2004,7,26,0,30,29.1,524,209,64,524,64,209,77.07000000000001
2004,7,26,1,30,28.6,133,26,19,133,19,26,81.02
2004,7,26,2,30,28.400000000000002,0,0,0,0,0,0,82.22
2004,7,26,3,30,28.3,0,0,0,0,0,0,82.33
2004,7,26,4,30,28.200000000000003,0,0,0,0,0,0,82.43
2004,7,26,5,30,28.200000000000003,0,0,0,0,0,0,81.86
2004,7,26,6,30,28.200000000000003,0,0,0,0,0,0,81.10000000000001
2004,7,26,7,30,28.1,0,0,0,0,0,0,80.93
2004,7,26,8,30,28.1,0,0,0,0,0,0,80.49
2004,7,26,9,30,28,0,0,0,0,0,0,81.21000000000001
2004,7,26,10,30,27.900000000000002,0,0,0,0,0,0,82.14
2004,7,26,11,30,27.900000000000002,0,0,0,0,0,0,82.41
2004,7,26,12,30,28.3,0,0,0,0,0,0,80.89
2004,7,26,13,30,28.900000000000002,382,136,59,154,92,123,79.11
2004,7,26,14,30,29.6,617,353,91,36,166,181,75.19
2004,7,26,15,30,30.1,737,570,108,1,94,95,72.88
2004,7,26,16,30,30.400000000000002,804,757,118,543,226,658,72.08
2004,7,26,17,30,30.6,841,896,124,841,124,896,72.18
2004,7,26,18,30,30.6,829,965,148,829,148,965,73.38
2004,7,26,19,30,30.400000000000002,831,975,148,831,148,975,75.47
2004,7,26,20,30,30.1,818,918,145,818,145,918,77.88
2004,7,26,21,30,29.900000000000002,784,798,139,784,139,798,79.49
2004,7,26,22,30,29.700000000000003,728,626,127,561,168,553,80.85000000000001
2004,7,26,23,30,29.5,629,418,108,264,229,359,82.33
2004,7,27,0,30,29.3,443,200,77,443,77,200,84.33
2004,7,27,1,30,29.1,80,23,19,80,19,23,86.04
2004,7,27,2,30,29,0,0,0,0,0,0,86.7
2004,7,27,3,30,29,0,0,0,0,0,0,86.59
2004,7,27,4,30,29,0,0,0,0,0,0,86.41
2004,7,27,5,30,29,0,0,0,0,0,0,86.07000000000001
2004,7,27,6,30,29,0,0,0,0,0,0,85.51
2004,7,27,7,30,28.900000000000002,0,0,0,0,0,0,85.32000000000001
2004,7,27,8,30,28.8,0,0,0,0,0,0,85.13
2004,7,27,9,30,28.8,0,0,0,0,0,0,84.75
2004,7,27,10,30,28.700000000000003,0,0,0,0,0,0,84.9
2004,7,27,11,30,28.700000000000003,0,0,0,0,0,0,84.78
2004,7,27,12,30,28.8,0,0,0,0,0,0,84.49
2004,7,27,13,30,29.1,354,133,61,0,18,18,84.52
2004,7,27,14,30,29.400000000000002,591,347,96,7,119,122,83.4
2004,7,27,15,30,29.6,713,562,116,0,21,21,82.45
2004,7,27,16,30,29.6,781,748,127,0,23,23,81.88
2004,7,27,17,30,29.6,820,887,135,0,65,65,82.04
2004,7,27,18,30,29.6,752,941,201,0,126,127,82.68
2004,7,27,19,30,29.5,755,953,202,14,354,368,83.89
2004,7,27,20,30,29.3,739,897,198,185,413,588,85.14
2004,7,27,21,30,29.1,767,793,149,218,357,540,85.83
2004,7,27,22,30,28.900000000000002,707,621,137,257,289,465,86.04
2004,7,27,23,30,28.6,606,414,116,225,215,326,86.74
2004,7,28,0,30,28.3,424,197,80,81,130,152,87.12
2004,7,28,1,30,28,73,22,18,1,18,18,87.75
2004,7,28,2,30,27.900000000000002,0,0,0,0,0,0,86.89
2004,7,28,3,30,27.8,0,0,0,0,0,0,86.35000000000001
2004,7,28,4,30,27.8,0,0,0,0,0,0,85.69
2004,7,28,5,30,27.8,0,0,0,0,0,0,84.95
2004,7,28,6,30,27.700000000000003,0,0,0,0,0,0,85.17
2004,7,28,7,30,27.700000000000003,0,0,0,0,0,0,85.09
2004,7,28,8,30,27.6,0,0,0,0,0,0,85.11
2004,7,28,9,30,27.6,0,0,0,0,0,0,84.27
2004,7,28,10,30,27.6,0,0,0,0,0,0,83.36
2004,7,28,11,30,27.5,0,0,0,0,0,0,82.78
2004,7,28,12,30,27.5,0,0,0,0,0,0,82.17
2004,7,28,13,30,27.8,399,135,55,0,42,42,82.01
2004,7,28,14,30,28.200000000000003,631,352,85,0,112,112,81.19
2004,7,28,15,30,28.6,751,569,99,751,99,569,79.61
2004,7,28,16,30,29,820,757,107,820,107,757,77.02
2004,7,28,17,30,29.5,861,898,109,861,109,898,73.83
2004,7,28,18,30,30,859,971,125,859,125,971,70.18
2004,7,28,19,30,30.200000000000003,865,984,123,865,123,984,67.5
2004,7,28,20,30,30.400000000000002,857,928,119,857,119,928,66.24
2004,7,28,21,30,30.3,828,808,114,828,114,808,67.76
2004,7,28,22,30,30.1,775,635,104,775,104,635,69.97
2004,7,28,23,30,29.700000000000003,684,426,89,684,89,426,72.87
2004,7,29,0,30,29.200000000000003,508,204,65,229,112,174,76.64
2004,7,29,1,30,28.700000000000003,115,23,17,0,14,14,81.55
2004,7,29,2,30,28.400000000000002,0,0,0,0,0,0,84.37
2004,7,29,3,30,28.3,0,0,0,0,0,0,85.29
2004,7,29,4,30,28.200000000000003,0,0,0,0,0,0,85.72
2004,7,29,5,30,28.1,0,0,0,0,0,0,85.76
2004,7,29,6,30,27.900000000000002,0,0,0,0,0,0,86.11
2004,7,29,7,30,27.8,0,0,0,0,0,0,85.93
2004,7,29,8,30,27.700000000000003,0,0,0,0,0,0,85.87
2004,7,29,9,30,27.6,0,0,0,0,0,0,86.14
2004,7,29,10,30,27.5,0,0,0,0,0,0,86.67
2004,7,29,11,30,27.5,0,0,0,0,0,0,86.49
2004,7,29,12,30,27.6,0,0,0,0,0,0,85.55
2004,7,29,13,30,28.1,410,135,53,73,96,110,82.65
2004,7,29,14,30,28.6,640,352,82,640,82,352,77.68
2004,7,29,15,30,29,754,569,98,98,308,369,74.12
2004,7,29,16,30,29.3,820,757,107,820,107,757,72.62
2004,7,29,17,30,29.5,857,896,111,857,111,896,72.13
2004,7,29,18,30,29.6,877,976,112,877,112,976,72.35000000000001
2004,7,29,19,30,29.700000000000003,882,988,112,882,112,988,72.84
2004,7,29,20,30,29.700000000000003,870,931,109,870,109,931,73.65
2004,7,29,21,30,29.6,807,802,126,807,126,802,74.83
2004,7,29,22,30,29.5,752,630,116,752,116,630,75.94
2004,7,29,23,30,29.3,656,421,99,209,220,323,77.14
2004,7,30,0,30,28.900000000000002,473,200,71,289,116,195,79.19
2004,7,30,1,30,28.6,90,21,17,0,15,15,81.94
2004,7,30,2,30,28.400000000000002,0,0,0,0,0,0,83.37
2004,7,30,3,30,28.400000000000002,0,0,0,0,0,0,83.09
2004,7,30,4,30,28.3,0,0,0,0,0,0,82.97
2004,7,30,5,30,28.200000000000003,0,0,0,0,0,0,82.46000000000001
2004,7,30,6,30,28.1,0,0,0,0,0,0,82
2004,7,30,7,30,28,0,0,0,0,0,0,81.85000000000001
2004,7,30,8,30,27.900000000000002,0,0,0,0,0,0,82.2
2004,7,30,9,30,27.8,0,0,0,0,0,0,82.27
2004,7,30,10,30,27.6,0,0,0,0,0,0,83
2004,7,30,11,30,27.5,0,0,0,0,0,0,83.14
2004,7,30,12,30,27.5,0,0,0,0,0,0,83.2
2004,7,30,13,30,27.900000000000002,342,129,62,0,3,3,82.21000000000001
2004,7,30,14,30,28.3,587,345,97,38,165,181,79.47
2004,7,30,15,30,28.8,717,562,115,717,115,562,76.12
2004,7,30,16,30,29.3,793,752,123,793,123,752,72.44
2004,7,30,17,30,29.700000000000003,835,892,128,835,128,892,69.74
2004,7,30,18,30,29.900000000000002,834,966,145,834,145,966,69.81
2004,7,30,19,30,30,839,977,143,482,379,859,71.47
2004,7,30,20,30,29.900000000000002,829,922,139,440,383,798,73.8
2004,7,30,21,30,29.8,828,808,115,828,115,808,75.14
2004,7,30,22,30,29.6,778,636,105,607,176,590,76.2
2004,7,30,23,30,29.400000000000002,686,425,89,461,161,387,76.78
2004,7,31,0,30,29.1,512,203,64,261,107,177,77.52
2004,7,31,1,30,28.700000000000003,111,22,17,0,11,11,79.87
2004,7,31,2,30,28.6,0,0,0,0,0,0,80.31
2004,7,31,3,30,28.6,0,0,0,0,0,0,79.2
2004,7,31,4,30,28.5,0,0,0,0,0,0,79.38
2004,7,31,5,30,28.400000000000002,0,0,0,0,0,0,80.12
2004,7,31,6,30,28.400000000000002,0,0,0,0,0,0,80.10000000000001
2004,7,31,7,30,28.3,0,0,0,0,0,0,80.09
2004,7,31,8,30,28.1,0,0,0,0,0,0,80.2
2004,7,31,9,30,27.900000000000002,0,0,0,0,0,0,80.60000000000001
2004,7,31,10,30,27.700000000000003,0,0,0,0,0,0,81.14
2004,7,31,11,30,27.5,0,0,0,0,0,0,82.19
2004,7,31,12,30,27.700000000000003,0,0,0,0,0,0,81.75
2004,7,31,13,30,28.200000000000003,409,134,53,0,3,3,79.5
2004,7,31,14,30,28.700000000000003,643,353,83,2,89,90,76.7
2004,7,31,15,30,29.200000000000003,758,571,98,607,157,536,74.88
2004,7,31,16,30,29.6,823,759,107,355,343,624,73.34
2004,7,31,17,30,30,861,899,111,416,375,755,71.49
2004,7,31,18,30,30.200000000000003,881,979,111,720,174,883,71.04
2004,7,31,19,30,30.3,888,991,109,888,109,991,71.36
2004,7,31,20,30,30.200000000000003,880,935,105,880,105,935,72.55
2004,7,31,21,30,30.200000000000003,804,802,129,804,129,802,73.05
2004,7,31,22,30,30,753,629,116,753,116,629,74.19
2004,7,31,23,30,29.8,656,419,99,656,99,419,75.03
2004,8,1,0,30,29.5,469,197,71,180,118,167,76.65
2004,8,1,1,30,29.200000000000003,81,20,16,0,12,12,79.22
2004,8,1,2,30,29,0,0,0,0,0,0,80.07000000000001
2004,8,1,3,30,29,0,0,0,0,0,0,79.18
2004,8,1,4,30,28.900000000000002,0,0,0,0,0,0,78.22
2004,8,1,5,30,28.700000000000003,0,0,0,0,0,0,78.18
2004,8,1,6,30,28.700000000000003,0,0,0,0,0,0,77.06
2004,8,1,7,30,28.6,0,0,0,0,0,0,76.44
2004,8,1,8,30,28.400000000000002,0,0,0,0,0,0,76.81
2004,8,1,9,30,28.3,0,0,0,0,0,0,77.23
2004,8,1,10,30,28.200000000000003,0,0,0,0,0,0,77.52
2004,8,1,11,30,28.1,0,0,0,0,0,0,78.82000000000001
2004,8,1,12,30,28.3,0,0,0,0,0,0,79.12
2004,8,1,13,30,28.900000000000002,388,132,56,0,44,44,77.9
2004,8,1,14,30,29.5,628,350,87,485,143,347,75.32000000000001
2004,8,1,15,30,29.900000000000002,749,569,103,212,301,434,73.23
2004,8,1,16,30,30.400000000000002,817,758,111,817,111,758,70.5
2004,8,1,17,30,30.700000000000003,855,899,116,855,116,899,69.05
2004,8,1,18,30,30.900000000000002,875,979,118,875,118,979,68.56
2004,8,1,19,30,30.900000000000002,880,991,117,880,117,991,69.19
2004,8,1,20,30,30.900000000000002,869,934,114,869,114,934,69.93
2004,8,1,21,30,30.8,843,813,108,843,108,813,70.65
2004,8,1,22,30,30.6,790,637,99,790,99,637,71.5
2004,8,1,23,30,30.200000000000003,697,425,86,252,182,305,72.86
2004,8,2,0,30,29.8,514,200,63,7,79,81,74.34
2004,8,2,1,30,29.3,103,20,16,0,10,10,77.61
2004,8,2,2,30,29.1,0,0,0,0,0,0,78.5
2004,8,2,3,30,29,0,0,0,0,0,0,78.46000000000001
2004,8,2,4,30,29,0,0,0,0,0,0,78.22
2004,8,2,5,30,28.900000000000002,0,0,0,0,0,0,78.56
2004,8,2,6,30,28.8,0,0,0,0,0,0,78.78
2004,8,2,7,30,28.700000000000003,0,0,0,0,0,0,78.95
2004,8,2,8,30,28.700000000000003,0,0,0,0,0,0,78.28
2004,8,2,9,30,28.6,0,0,0,0,0,0,77.83
2004,8,2,10,30,28.400000000000002,0,0,0,0,0,0,77.79
2004,8,2,11,30,28.200000000000003,0,0,0,0,0,0,78.54
2004,8,2,12,30,28.200000000000003,0,0,0,0,0,0,78.83
2004,8,2,13,30,28.5,396,131,54,396,54,131,78.61
2004,8,2,14,30,29,635,349,83,635,83,349,76.5
2004,8,2,15,30,29.5,754,568,99,754,99,568,73.63
2004,8,2,16,30,29.900000000000002,819,756,108,819,108,756,72.34
2004,8,2,17,30,30.3,857,896,113,857,113,896,71.31
2004,8,2,18,30,30.5,872,975,117,872,117,975,71.5
2004,8,2,19,30,30.5,876,986,116,876,116,986,72.88
2004,8,2,20,30,30.400000000000002,862,927,115,862,115,927,74.46000000000001
2004,8,2,21,30,30.200000000000003,813,801,121,813,121,801,76.21000000000001
2004,8,2,22,30,30,755,626,112,755,112,626,77.47
2004,8,2,23,30,29.700000000000003,655,415,97,313,213,365,78.99
2004,8,3,0,30,29.400000000000002,466,193,69,0,34,34,80.47
2004,8,3,1,30,29.1,72,18,15,0,13,13,82.59
2004,8,3,2,30,29,0,0,0,0,0,0,83.29
2004,8,3,3,30,28.900000000000002,0,0,0,0,0,0,83.99
2004,8,3,4,30,28.8,0,0,0,0,0,0,84.87
2004,8,3,5,30,28.8,0,0,0,0,0,0,84.99
2004,8,3,6,30,28.8,0,0,0,0,0,0,84.71000000000001
2004,8,3,7,30,28.700000000000003,0,0,0,0,0,0,86.28
2004,8,3,8,30,28.6,0,0,0,0,0,0,87.81
2004,8,3,9,30,28.5,0,0,0,0,0,0,88.51
2004,8,3,10,30,28.400000000000002,0,0,0,0,0,0,88.41
2004,8,3,11,30,28.3,0,0,0,0,0,0,88.08
2004,8,3,12,30,28.3,0,0,0,0,0,0,87.14
2004,8,3,13,30,28.5,327,124,61,0,3,3,85.99
2004,8,3,14,30,28.8,574,338,99,0,18,18,83.98
2004,8,3,15,30,28.900000000000002,698,554,120,11,187,193,83.73
2004,8,3,16,30,29,765,741,135,245,321,515,83.60000000000001
2004,8,3,17,30,29,805,880,144,288,375,639,83.86
2004,8,3,18,30,29,803,953,164,422,328,743,83.14
2004,8,3,19,30,28.900000000000002,814,967,159,620,206,821,82.3
2004,8,3,20,30,28.900000000000002,807,911,151,83,422,500,81.12
2004,8,3,21,30,28.900000000000002,801,797,128,115,393,489,79.85000000000001
2004,8,3,22,30,28.8,750,624,115,516,175,525,78.9
2004,8,3,23,30,28.6,658,414,96,423,154,358,78.64
2004,8,4,0,30,28.3,474,193,68,99,129,155,79.33
2004,8,4,1,30,28.1,72,17,14,0,13,13,80.98
2004,8,4,2,30,27.900000000000002,0,0,0,0,0,0,82.11
2004,8,4,3,30,27.900000000000002,0,0,0,0,0,0,82.11
2004,8,4,4,30,27.900000000000002,0,0,0,0,0,0,81.84
2004,8,4,5,30,27.8,0,0,0,0,0,0,81.99
2004,8,4,6,30,27.8,0,0,0,0,0,0,81.36
2004,8,4,7,30,27.8,0,0,0,0,0,0,80.55
2004,8,4,8,30,27.8,0,0,0,0,0,0,79.67
2004,8,4,9,30,27.8,0,0,0,0,0,0,79.10000000000001
2004,8,4,10,30,27.8,0,0,0,0,0,0,79.26
2004,8,4,11,30,27.8,0,0,0,0,0,0,79.96000000000001
2004,8,4,12,30,28,0,0,0,0,0,0,80.13
2004,8,4,13,30,28.5,410,130,51,410,51,130,79.10000000000001
2004,8,4,14,30,29,645,349,80,645,80,349,77.01
2004,8,4,15,30,29.5,758,567,96,758,96,567,74.86
2004,8,4,16,30,30,823,755,105,823,105,755,72.46000000000001
2004,8,4,17,30,30.3,860,895,109,860,109,895,70.58
2004,8,4,18,30,30.5,878,974,111,878,111,974,69.85000000000001
2004,8,4,19,30,30.5,882,985,111,882,111,985,70.81
2004,8,4,20,30,30.3,870,928,108,870,108,928,72.46000000000001
2004,8,4,21,30,30.1,826,802,112,826,112,802,73.76
2004,8,4,22,30,29.900000000000002,772,626,104,387,280,542,74.83
2004,8,4,23,30,29.700000000000003,677,415,89,343,204,369,75.78
2004,8,5,0,30,29.3,493,193,64,182,111,159,77.71000000000001
2004,8,5,1,30,29,85,17,14,0,9,9,80.25
2004,8,5,2,30,28.900000000000002,0,0,0,0,0,0,81.43
2004,8,5,3,30,28.8,0,0,0,0,0,0,82.66
2004,8,5,4,30,28.700000000000003,0,0,0,0,0,0,83.96000000000001
2004,8,5,5,30,28.700000000000003,0,0,0,0,0,0,84.51
2004,8,5,6,30,28.5,0,0,0,0,0,0,85.5
2004,8,5,7,30,28.400000000000002,0,0,0,0,0,0,85.63
2004,8,5,8,30,28.3,0,0,0,0,0,0,85.24
2004,8,5,9,30,28.200000000000003,0,0,0,0,0,0,84.32000000000001
2004,8,5,10,30,28.1,0,0,0,0,0,0,83.11
2004,8,5,11,30,28,0,0,0,0,0,0,82.2
2004,8,5,12,30,28.200000000000003,0,0,0,0,0,0,81.24
2004,8,5,13,30,28.8,432,131,48,52,87,97,79.7
2004,8,5,14,30,29.3,659,350,76,283,179,297,76.63
2004,8,5,15,30,29.700000000000003,768,568,91,138,307,393,74.74
2004,8,5,16,30,30,832,757,99,375,331,627,73.97
2004,8,5,17,30,30.1,869,897,103,869,103,897,73.61
2004,8,5,18,30,30.200000000000003,849,966,132,472,378,842,72.8
2004,8,5,19,30,30.200000000000003,854,977,130,854,130,977,72.13
2004,8,5,20,30,30.1,842,919,127,283,442,709,71.8
2004,8,5,21,30,30,838,803,105,107,372,461,71.47
2004,8,5,22,30,29.8,785,628,97,108,283,356,71.82000000000001
2004,8,5,23,30,29.6,687,415,85,345,150,316,72.57000000000001
2004,8,6,0,30,29.200000000000003,492,191,63,186,116,165,74.67
2004,8,6,1,30,28.900000000000002,71,15,13,0,9,9,77.03
2004,8,6,2,30,28.6,0,0,0,0,0,0,79.29
2004,8,6,3,30,28.200000000000003,0,0,0,0,0,0,81.86
2004,8,6,4,30,27.900000000000002,0,0,0,0,0,0,84.01
2004,8,6,5,30,27.5,0,0,0,0,0,0,86.60000000000001
2004,8,6,6,30,27.3,0,0,0,0,0,0,89.08
2004,8,6,7,30,27.200000000000003,0,0,0,0,0,0,91.18
2004,8,6,8,30,27.1,0,0,0,0,0,0,92.28
2004,8,6,9,30,27.1,0,0,0,0,0,0,91.98
2004,8,6,10,30,27,0,0,0,0,0,0,91.47
2004,8,6,11,30,26.900000000000002,0,0,0,0,0,0,90.82000000000001
2004,8,6,12,30,27.1,0,0,0,0,0,0,88.55
2004,8,6,13,30,27.6,427,131,50,0,41,41,85.64
2004,8,6,14,30,28.3,666,353,77,484,134,335,81.32000000000001
2004,8,6,15,30,29.1,782,576,91,582,166,526,76.33
2004,8,6,16,30,29.8,847,767,98,630,193,691,71.8
2004,8,6,17,30,30.200000000000003,886,911,101,265,436,678,70.01
2004,8,6,18,30,30.5,905,991,102,466,383,840,69.45
2004,8,6,19,30,30.700000000000003,908,1002,101,470,384,849,69.3
2004,8,6,20,30,30.8,897,942,99,897,99,942,69.57000000000001
2004,8,6,21,30,30.700000000000003,837,811,114,837,114,811,70.46000000000001
2004,8,6,22,30,30.6,781,632,105,301,272,475,71.29
2004,8,6,23,30,30.3,683,418,90,189,213,304,72.94
2004,8,7,0,30,29.8,491,192,65,40,113,124,76.23
2004,8,7,1,30,29.3,71,15,13,0,10,10,80.77
2004,8,7,2,30,29.1,0,0,0,0,0,0,82.91
2004,8,7,3,30,28.900000000000002,0,0,0,0,0,0,84.92
2004,8,7,4,30,28.8,0,0,0,0,0,0,86.17
2004,8,7,5,30,28.6,0,0,0,0,0,0,87.52
2004,8,7,6,30,28.5,0,0,0,0,0,0,88.14
2004,8,7,7,30,28.400000000000002,0,0,0,0,0,0,88.4
2004,8,7,8,30,28.3,0,0,0,0,0,0,88.49
2004,8,7,9,30,28.200000000000003,0,0,0,0,0,0,88.65
2004,8,7,10,30,28.1,0,0,0,0,0,0,88.73
2004,8,7,11,30,28.1,0,0,0,0,0,0,88.06
2004,8,7,12,30,28.3,0,0,0,0,0,0,86.47
2004,8,7,13,30,28.700000000000003,342,122,58,0,3,3,84.43
2004,8,7,14,30,29.1,590,339,95,590,95,339,82.3
2004,8,7,15,30,29.400000000000002,715,557,115,715,115,557,80.81
2004,8,7,16,30,29.700000000000003,784,746,127,784,127,746,79.60000000000001
2004,8,7,17,30,29.900000000000002,825,887,134,394,390,750,79.13
2004,8,7,18,30,30.1,847,966,135,452,392,835,78.55
2004,8,7,19,30,30.200000000000003,853,978,132,853,132,978,78.71000000000001
2004,8,7,20,30,30.200000000000003,844,920,127,567,242,775,79.13
2004,8,7,21,30,30.200000000000003,763,785,151,763,151,785,79.22
2004,8,7,22,30,30.1,705,611,136,705,136,611,79.3
2004,8,7,23,30,29.900000000000002,600,400,113,56,201,228,80.07000000000001
2004,8,8,0,30,29.6,403,180,77,1,42,42,82.08
2004,8,8,1,30,29.400000000000002,38,12,11,0,6,6,84.42
2004,8,8,2,30,29.3,0,0,0,0,0,0,85.28
2004,8,8,3,30,29.3,0,0,0,0,0,0,85.55
2004,8,8,4,30,29.200000000000003,0,0,0,0,0,0,86.36
2004,8,8,5,30,29.1,0,0,0,0,0,0,87.19
2004,8,8,6,30,29,0,0,0,0,0,0,88.03
2004,8,8,7,30,28.8,0,0,0,0,0,0,89.45
2004,8,8,8,30,28.700000000000003,0,0,0,0,0,0,90.10000000000001
2004,8,8,9,30,28.6,0,0,0,0,0,0,90.64
2004,8,8,10,30,28.5,0,0,0,0,0,0,90.8
2004,8,8,11,30,28.5,0,0,0,0,0,0,90.24
2004,8,8,12,30,28.6,0,0,0,0,0,0,89.01
2004,8,8,13,30,28.8,309,119,61,309,61,119,88.18
2004,8,8,14,30,29,557,333,103,557,103,333,85.53
2004,8,8,15,30,29.200000000000003,683,550,127,683,127,550,83.15
2004,8,8,16,30,29.400000000000002,757,738,141,757,141,738,81.43
2004,8,8,17,30,29.5,802,878,147,802,147,878,80.42
2004,8,8,18,30,29.6,827,958,147,393,423,809,79.66
2004,8,8,19,30,29.700000000000003,834,970,144,834,144,970,79.08
2004,8,8,20,30,29.8,824,912,139,824,139,912,78.92
2004,8,8,21,30,29.900000000000002,810,794,122,810,122,794,79.01
2004,8,8,22,30,29.8,749,617,113,592,183,582,80.60000000000001
2004,8,8,23,30,29.6,640,403,99,1,77,77,82.8
2004,8,9,0,30,29.3,437,181,70,2,52,52,85.75
2004,8,9,1,30,29.1,41,12,11,0,4,4,88.38
2004,8,9,2,30,28.900000000000002,0,0,0,0,0,0,89.66
2004,8,9,3,30,28.8,0,0,0,0,0,0,90.17
2004,8,9,4,30,28.8,0,0,0,0,0,0,89.89
2004,8,9,5,30,28.700000000000003,0,0,0,0,0,0,90.2
2004,8,9,6,30,28.6,0,0,0,0,0,0,90.43
2004,8,9,7,30,28.5,0,0,0,0,0,0,90.16
2004,8,9,8,30,28.400000000000002,0,0,0,0,0,0,90.01
2004,8,9,9,30,28.3,0,0,0,0,0,0,89.51
2004,8,9,10,30,28.1,0,0,0,0,0,0,88.59
2004,8,9,11,30,28,0,0,0,0,0,0,86.52
2004,8,9,12,30,28.200000000000003,0,0,0,0,0,0,85.03
2004,8,9,13,30,28.6,365,122,54,0,2,2,85.35000000000001
2004,8,9,14,30,28.900000000000002,614,340,87,242,188,287,83.99
2004,8,9,15,30,29.200000000000003,736,559,105,736,105,559,82.01
2004,8,9,16,30,29.3,803,749,116,803,116,749,80.63
2004,8,9,17,30,29.400000000000002,841,889,122,841,122,889,78.98
2004,8,9,18,30,29.5,859,968,126,61,432,491,77.58
2004,8,9,19,30,29.700000000000003,861,979,126,367,435,798,75.9
2004,8,9,20,30,29.700000000000003,848,920,125,19,382,400,75.17
2004,8,9,21,30,29.700000000000003,796,791,131,222,340,524,74.45
2004,8,9,22,30,29.700000000000003,740,615,119,740,119,615,74.06
2004,8,9,23,30,29.5,642,403,99,642,99,403,74.84
2004,8,10,0,30,29.200000000000003,453,182,68,453,68,182,76.22
2004,8,10,1,30,28.8,49,12,10,49,10,12,79.25
2004,8,10,2,30,28.700000000000003,0,0,0,0,0,0,79.81
2004,8,10,3,30,28.700000000000003,0,0,0,0,0,0,79.01
2004,8,10,4,30,28.6,0,0,0,0,0,0,78.77
2004,8,10,5,30,28.5,0,0,0,0,0,0,78.97
2004,8,10,6,30,28.400000000000002,0,0,0,0,0,0,79.23
2004,8,10,7,30,28.200000000000003,0,0,0,0,0,0,80.5
2004,8,10,8,30,28.200000000000003,0,0,0,0,0,0,80.95
2004,8,10,9,30,28.1,0,0,0,0,0,0,81.4
2004,8,10,10,30,28.200000000000003,0,0,0,0,0,0,79.99
2004,8,10,11,30,28.1,0,0,0,0,0,0,79.46000000000001
2004,8,10,12,30,28.3,0,0,0,0,0,0,78.43
2004,8,10,13,30,28.8,425,127,48,425,48,127,77.46000000000001
2004,8,10,14,30,29.3,666,350,76,666,76,350,75.66
2004,8,10,15,30,29.700000000000003,779,571,90,779,90,571,73.76
2004,8,10,16,30,29.900000000000002,840,762,100,840,100,762,73.26
2004,8,10,17,30,30.1,873,902,106,873,106,902,72.7
2004,8,10,18,30,30.3,888,979,109,888,109,979,72.88
2004,8,10,19,30,30.3,888,988,111,888,111,988,74.57000000000001
2004,8,10,20,30,30.200000000000003,872,927,110,872,110,927,76.65
2004,8,10,21,30,30.1,843,802,105,843,105,802,78.14
2004,8,10,22,30,30,791,625,95,791,95,625,79.2
2004,8,10,23,30,29.700000000000003,700,411,81,310,202,349,80.82000000000001
2004,8,11,0,30,29.3,513,185,57,56,122,136,82.99
2004,8,11,1,30,29,66,12,10,0,5,5,85.41
2004,8,11,2,30,28.900000000000002,0,0,0,0,0,0,85.88
2004,8,11,3,30,28.8,0,0,0,0,0,0,86
2004,8,11,4,30,28.700000000000003,0,0,0,0,0,0,86.09
2004,8,11,5,30,28.6,0,0,0,0,0,0,86.16
2004,8,11,6,30,28.5,0,0,0,0,0,0,86.3
2004,8,11,7,30,28.400000000000002,0,0,0,0,0,0,86.66
2004,8,11,8,30,28.400000000000002,0,0,0,0,0,0,86.52
2004,8,11,9,30,28.3,0,0,0,0,0,0,86.95
2004,8,11,10,30,28.3,0,0,0,0,0,0,86.69
2004,8,11,11,30,28.400000000000002,0,0,0,0,0,0,85.56
2004,8,11,12,30,28.5,0,0,0,0,0,0,84.25
2004,8,11,13,30,28.900000000000002,393,123,50,39,89,96,82.9
2004,8,11,14,30,29.3,639,343,81,639,81,343,80.25
2004,8,11,15,30,29.6,755,563,98,167,305,408,78.9
2004,8,11,16,30,29.8,823,754,106,28,280,301,77.14
2004,8,11,17,30,30,862,896,111,0,93,93,76.93
2004,8,11,18,30,30.1,844,966,139,3,248,251,77.63
2004,8,11,19,30,30.1,849,977,138,391,340,726,78.79
2004,8,11,20,30,30.1,836,917,134,475,300,745,79.76
2004,8,11,21,30,29.900000000000002,732,776,171,519,227,656,81.53
2004,8,11,22,30,29.700000000000003,667,599,154,451,246,547,83.05
2004,8,11,23,30,29.5,553,387,127,201,201,295,84.22
2004,8,12,0,30,29.200000000000003,343,168,83,39,114,123,85.92
2004,8,12,1,30,29,13,7,7,0,4,4,87.26
2004,8,12,2,30,28.900000000000002,0,0,0,0,0,0,87.47
2004,8,12,3,30,28.8,0,0,0,0,0,0,87.42
2004,8,12,4,30,28.8,0,0,0,0,0,0,87.13
2004,8,12,5,30,28.700000000000003,0,0,0,0,0,0,87.35000000000001
2004,8,12,6,30,28.6,0,0,0,0,0,0,87.43
2004,8,12,7,30,28.6,0,0,0,0,0,0,86.82000000000001
2004,8,12,8,30,28.5,0,0,0,0,0,0,87
2004,8,12,9,30,28.5,0,0,0,0,0,0,87.2
2004,8,12,10,30,28.400000000000002,0,0,0,0,0,0,87.65
2004,8,12,11,30,28.3,0,0,0,0,0,0,88.12
2004,8,12,12,30,28.400000000000002,0,0,0,0,0,0,87.60000000000001
2004,8,12,13,30,28.6,279,113,62,23,83,87,87.10000000000001
2004,8,12,14,30,28.8,531,326,109,204,184,267,85.91
2004,8,12,15,30,29,667,544,133,252,259,415,84.48
2004,8,12,16,30,29.1,744,732,147,22,329,347,83.42
2004,8,12,17,30,29.200000000000003,788,872,154,348,412,730,82.74
2004,8,12,18,30,29.3,820,954,151,435,402,828,81.99
2004,8,12,19,30,29.3,821,963,152,821,152,963,82.05
2004,8,12,20,30,29.3,806,903,149,806,149,903,82.29
2004,8,12,21,30,29.200000000000003,771,779,143,418,345,690,83.09
2004,8,12,22,30,29.200000000000003,710,603,130,242,300,462,83.54
2004,8,12,23,30,29,595,390,111,327,180,333,84.97
2004,8,13,0,30,28.8,374,168,77,157,116,154,86.23
2004,8,13,1,30,28.700000000000003,0,0,0,0,0,0,86.45
2004,8,13,2,30,28.5,0,0,0,0,0,0,87.41
2004,8,13,3,30,28.3,0,0,0,0,0,0,88.69
2004,8,13,4,30,27.900000000000002,0,0,0,0,0,0,90.46000000000001
2004,8,13,5,30,27.400000000000002,0,0,0,0,0,0,91.79
2004,8,13,6,30,26.8,0,0,0,0,0,0,92.81
2004,8,13,7,30,26.400000000000002,0,0,0,0,0,0,92.08
2004,8,13,8,30,26.200000000000003,0,0,0,0,0,0,90.18
2004,8,13,9,30,26.1,0,0,0,0,0,0,88.33
2004,8,13,10,30,26.3,0,0,0,0,0,0,85.97
2004,8,13,11,30,26.5,0,0,0,0,0,0,84.29
2004,8,13,12,30,27.1,0,0,0,0,0,0,80.71000000000001
2004,8,13,13,30,28,362,119,53,0,24,24,77.3
2004,8,13,14,30,29.1,619,339,86,75,178,208,71.08
2004,8,13,15,30,30.3,748,562,101,428,194,458,64.7
2004,8,13,16,30,31.200000000000003,821,754,108,284,365,589,59.6
2004,8,13,17,30,31.8,861,896,112,710,172,819,56.74
2004,8,13,18,30,32.2,880,975,114,718,133,835,55.58
2004,8,13,19,30,32.300000000000004,886,986,112,748,117,856,57.14
2004,8,13,20,30,32.2,877,926,107,715,180,848,60.11
2004,8,13,21,30,31.8,827,795,114,473,317,707,63.84
2004,8,13,22,30,31.3,768,615,105,605,179,581,67.73
2004,8,13,23,30,30.6,662,399,91,306,205,347,72.69
2004,8,14,0,30,30,455,174,64,455,64,174,77.10000000000001
2004,8,14,1,30,29.5,0,0,0,0,0,0,81.61
2004,8,14,2,30,29.3,0,0,0,0,0,0,83.03
2004,8,14,3,30,29.200000000000003,0,0,0,0,0,0,83.35000000000001
2004,8,14,4,30,29.1,0,0,0,0,0,0,83.37
2004,8,14,5,30,29.1,0,0,0,0,0,0,82.62
2004,8,14,6,30,29.1,0,0,0,0,0,0,81.8
2004,8,14,7,30,29,0,0,0,0,0,0,81.57000000000001
2004,8,14,8,30,28.900000000000002,0,0,0,0,0,0,81.58
2004,8,14,9,30,28.700000000000003,0,0,0,0,0,0,82.69
2004,8,14,10,30,28.6,0,0,0,0,0,0,83.3
2004,8,14,11,30,28.5,0,0,0,0,0,0,83.41
2004,8,14,12,30,28.6,0,0,0,0,0,0,82.4
2004,8,14,13,30,28.900000000000002,342,117,55,5,55,55,81.15
2004,8,14,14,30,29.400000000000002,599,336,91,15,138,144,76.17
2004,8,14,15,30,30.1,729,558,110,291,229,408,71.5
2004,8,14,16,30,30.8,805,752,119,648,152,661,66.51
2004,8,14,17,30,31.200000000000003,848,895,124,699,191,827,63.24
2004,8,14,18,30,31.5,868,976,128,701,193,878,61.2
2004,8,14,19,30,31.6,875,988,125,707,199,895,60.92
2004,8,14,20,30,31.400000000000002,867,930,121,678,217,849,63.01
2004,8,14,21,30,31.200000000000003,815,798,128,815,128,798,65.06
2004,8,14,22,30,31,763,619,114,355,294,530,67.4
2004,8,14,23,30,30.700000000000003,663,402,94,351,203,366,70.46000000000001
2004,8,15,0,30,30.3,461,175,64,19,115,119,74.26
2004,8,15,1,30,30,0,0,0,0,0,0,78.21000000000001
2004,8,15,2,30,29.900000000000002,0,0,0,0,0,0,78.61
2004,8,15,3,30,29.900000000000002,0,0,0,0,0,0,78.11
2004,8,15,4,30,29.8,0,0,0,0,0,0,78
2004,8,15,5,30,29.5,0,0,0,0,0,0,78.9
2004,8,15,6,30,29.3,0,0,0,0,0,0,79.51
2004,8,15,7,30,29.1,0,0,0,0,0,0,81.06
2004,8,15,8,30,29,0,0,0,0,0,0,82.4
2004,8,15,9,30,29,0,0,0,0,0,0,82.27
2004,8,15,10,30,29,0,0,0,0,0,0,81.11
2004,8,15,11,30,29,0,0,0,0,0,0,79.79
2004,8,15,12,30,29.1,0,0,0,0,0,0,78.42
2004,8,15,13,30,29.400000000000002,324,115,57,324,57,115,78.08
2004,8,15,14,30,29.900000000000002,584,333,95,584,95,333,73.54
2004,8,15,15,30,30.400000000000002,713,554,116,713,116,554,70.45
2004,8,15,16,30,30.900000000000002,786,745,128,786,128,745,67.96000000000001
2004,8,15,17,30,31.1,827,887,135,827,135,887,66.71000000000001
2004,8,15,18,30,31.3,830,961,151,830,151,961,65.51
2004,8,15,19,30,31.400000000000002,837,972,148,837,148,972,64.95
2004,8,15,20,30,31.3,826,912,142,826,142,912,65.82000000000001
2004,8,15,21,30,31.1,801,788,130,801,130,788,67.67
2004,8,15,22,30,30.900000000000002,742,608,118,742,118,608,69.8
2004,8,15,23,30,30.5,635,392,99,635,99,392,73.54
2004,8,16,0,30,30.1,426,168,67,5,99,100,77.4
2004,8,16,1,30,29.8,0,0,0,0,0,0,80.97
2004,8,16,2,30,29.700000000000003,0,0,0,0,0,0,81.33
2004,8,16,3,30,29.6,0,0,0,0,0,0,81.10000000000001
2004,8,16,4,30,29.5,0,0,0,0,0,0,80.78
2004,8,16,5,30,29.3,0,0,0,0,0,0,80.74
2004,8,16,6,30,29.1,0,0,0,0,0,0,80.69
2004,8,16,7,30,28.900000000000002,0,0,0,0,0,0,80.7
2004,8,16,8,30,28.700000000000003,0,0,0,0,0,0,81.73
2004,8,16,9,30,28.6,0,0,0,0,0,0,82.85000000000001
2004,8,16,10,30,28.6,0,0,0,0,0,0,83.12
2004,8,16,11,30,28.700000000000003,0,0,0,0,0,0,82.10000000000001
2004,8,16,12,30,28.8,0,0,0,0,0,0,80.49
2004,8,16,13,30,29.1,361,116,52,361,52,116,79.23
2004,8,16,14,30,29.5,613,336,87,613,87,336,75.77
2004,8,16,15,30,29.900000000000002,734,556,106,734,106,556,73.68
2004,8,16,16,30,30.200000000000003,798,746,120,798,120,746,72.60000000000001
2004,8,16,17,30,30.3,831,885,130,831,130,885,73.10000000000001
2004,8,16,18,30,30.1,819,954,155,819,155,954,75.22
2004,8,16,19,30,29.900000000000002,820,963,156,820,156,963,76.92
2004,8,16,20,30,29.6,805,902,153,805,153,902,78.57000000000001
2004,8,16,21,30,29.400000000000002,726,766,171,726,171,766,79.52
2004,8,16,22,30,29.3,659,588,154,659,154,588,80.18
2004,8,16,23,30,29.1,545,376,126,545,126,376,81.56
2004,8,17,0,30,28.900000000000002,338,158,79,41,118,128,82.97
2004,8,17,1,30,28.700000000000003,0,0,0,0,0,0,85.07000000000001
2004,8,17,2,30,28.6,0,0,0,0,0,0,85.67
2004,8,17,3,30,28.6,0,0,0,0,0,0,85.2
2004,8,17,4,30,28.6,0,0,0,0,0,0,84
2004,8,17,5,30,28.6,0,0,0,0,0,0,83.05
2004,8,17,6,30,28.6,0,0,0,0,0,0,82.47
2004,8,17,7,30,28.5,0,0,0,0,0,0,82.45
2004,8,17,8,30,28.400000000000002,0,0,0,0,0,0,82.49
2004,8,17,9,30,28.3,0,0,0,0,0,0,82.47
2004,8,17,10,30,28.200000000000003,0,0,0,0,0,0,82.32000000000001
2004,8,17,11,30,28.1,0,0,0,0,0,0,82.03
2004,8,17,12,30,28.200000000000003,0,0,0,0,0,0,80.94
2004,8,17,13,30,28.400000000000002,308,112,57,123,85,107,80.87
2004,8,17,14,30,28.900000000000002,561,328,101,307,163,287,78.23
2004,8,17,15,30,29.3,692,548,124,482,179,474,77.39
2004,8,17,16,30,29.5,772,739,134,565,193,636,76.11
2004,8,17,17,30,29.700000000000003,823,883,136,421,378,760,74.36
2004,8,17,18,30,29.900000000000002,848,963,136,848,136,963,72.29
2004,8,17,19,30,30.1,857,974,132,857,132,974,70.33
2004,8,17,20,30,30.200000000000003,846,913,127,846,127,913,69.74
2004,8,17,21,30,30.1,795,782,132,795,132,782,71.25
2004,8,17,22,30,30,731,601,121,731,121,601,73.61
2004,8,17,23,30,29.700000000000003,620,385,102,620,102,385,76.57000000000001
2004,8,18,0,30,29.400000000000002,405,162,68,405,68,162,79.69
2004,8,18,1,30,29.1,0,0,0,0,0,0,82.72
2004,8,18,2,30,28.900000000000002,0,0,0,0,0,0,83.86
2004,8,18,3,30,28.900000000000002,0,0,0,0,0,0,83.51
2004,8,18,4,30,28.900000000000002,0,0,0,0,0,0,82.94
2004,8,18,5,30,28.900000000000002,0,0,0,0,0,0,82.21000000000001
2004,8,18,6,30,28.8,0,0,0,0,0,0,81.9
2004,8,18,7,30,28.700000000000003,0,0,0,0,0,0,81.69
2004,8,18,8,30,28.6,0,0,0,0,0,0,81.87
2004,8,18,9,30,28.5,0,0,0,0,0,0,82.82000000000001
2004,8,18,10,30,28.5,0,0,0,0,0,0,83.78
2004,8,18,11,30,28.400000000000002,0,0,0,0,0,0,84.75
2004,8,18,12,30,28.6,0,0,0,0,0,0,83.81
2004,8,18,13,30,28.900000000000002,338,113,54,4,57,58,83.3
2004,8,18,14,30,29.200000000000003,599,332,90,2,69,70,81.07000000000001
2004,8,18,15,30,29.6,727,554,109,45,236,264,78.71000000000001
2004,8,18,16,30,29.8,796,744,121,1,134,135,77.13
2004,8,18,17,30,29.900000000000002,836,885,127,228,386,592,76.68
2004,8,18,18,30,30,847,961,135,24,373,396,76.84
2004,8,18,19,30,30,851,970,135,110,416,525,77.56
2004,8,18,20,30,30,839,908,130,633,185,772,77.87
2004,8,18,21,30,29.900000000000002,748,768,157,748,157,768,78.51
2004,8,18,22,30,29.8,684,589,141,684,141,589,78.95
2004,8,18,23,30,29.6,572,375,115,572,115,375,79.71000000000001
2004,8,19,0,30,29.400000000000002,360,155,73,360,73,155,80.67
2004,8,19,1,30,29.200000000000003,0,0,0,0,0,0,81.64
2004,8,19,2,30,29.1,0,0,0,0,0,0,81.03
2004,8,19,3,30,29.1,0,0,0,0,0,0,79.7
2004,8,19,4,30,29,0,0,0,0,0,0,79.05
2004,8,19,5,30,28.900000000000002,0,0,0,0,0,0,78.92
2004,8,19,6,30,28.8,0,0,0,0,0,0,79.19
2004,8,19,7,30,28.6,0,0,0,0,0,0,80.10000000000001
2004,8,19,8,30,28.5,0,0,0,0,0,0,80.31
2004,8,19,9,30,28.400000000000002,0,0,0,0,0,0,80.36
2004,8,19,10,30,28.3,0,0,0,0,0,0,80.89
2004,8,19,11,30,28.200000000000003,0,0,0,0,0,0,80.86
2004,8,19,12,30,28.400000000000002,0,0,0,0,0,0,79.21000000000001
2004,8,19,13,30,28.8,325,112,55,325,55,112,78.10000000000001
2004,8,19,14,30,29.400000000000002,588,330,93,588,93,330,74.54
2004,8,19,15,30,30,721,552,111,721,111,552,72
2004,8,19,16,30,30.5,797,744,121,797,121,744,69.33
2004,8,19,17,30,30.8,840,886,125,840,125,886,68.56
2004,8,19,18,30,30.900000000000002,857,964,129,857,129,964,68.81
2004,8,19,19,30,31,864,974,126,864,126,974,69.16
2004,8,19,20,30,30.900000000000002,853,912,122,853,122,912,70.05
2004,8,19,21,30,30.900000000000002,819,784,117,819,117,784,70.12
2004,8,19,22,30,30.8,765,604,105,765,105,604,70.32000000000001
2004,8,19,23,30,30.700000000000003,666,388,86,666,86,388,70.59
2004,8,20,0,30,30.3,463,162,58,463,58,162,72.43
2004,8,20,1,30,29.900000000000002,0,0,0,0,0,0,76.55
2004,8,20,2,30,29.700000000000003,0,0,0,0,0,0,77.97
2004,8,20,3,30,29.6,0,0,0,0,0,0,78.63
2004,8,20,4,30,29.5,0,0,0,0,0,0,79.13
2004,8,20,5,30,29.400000000000002,0,0,0,0,0,0,79.28
2004,8,20,6,30,29.400000000000002,0,0,0,0,0,0,78.21000000000001
2004,8,20,7,30,29.3,0,0,0,0,0,0,77.93
2004,8,20,8,30,29.1,0,0,0,0,0,0,79.17
2004,8,20,9,30,28.900000000000002,0,0,0,0,0,0,80.49
2004,8,20,10,30,28.8,0,0,0,0,0,0,80.69
2004,8,20,11,30,28.700000000000003,0,0,0,0,0,0,80.51
2004,8,20,12,30,28.8,0,0,0,0,0,0,79.11
2004,8,20,13,30,29.200000000000003,385,115,48,385,48,115,77.35000000000001
2004,8,20,14,30,29.700000000000003,638,336,79,178,192,264,74.52
2004,8,20,15,30,30.1,759,559,96,759,96,559,72.11
2004,8,20,16,30,30.400000000000002,827,751,105,827,105,751,71.25
2004,8,20,17,30,30.6,866,893,108,396,381,739,71.35000000000001
2004,8,20,18,30,30.700000000000003,824,954,152,824,152,954,71.89
2004,8,20,19,30,30.8,832,964,149,832,149,964,72.69
2004,8,20,20,30,30.700000000000003,819,902,144,642,232,826,74.38
2004,8,20,21,30,30.700000000000003,797,777,129,797,129,777,75.3
2004,8,20,22,30,30.5,735,596,117,735,117,596,76.43
2004,8,20,23,30,30.3,623,378,98,623,98,378,77.4
2004,8,21,0,30,30,399,154,65,399,65,154,79
2004,8,21,1,30,29.700000000000003,0,0,0,0,0,0,81.02
2004,8,21,2,30,29.6,0,0,0,0,0,0,80.89
2004,8,21,3,30,29.5,0,0,0,0,0,0,80.5
2004,8,21,4,30,29.400000000000002,0,0,0,0,0,0,80.37
2004,8,21,5,30,29.3,0,0,0,0,0,0,80.58
2004,8,21,6,30,29.3,0,0,0,0,0,0,80.59
2004,8,21,7,30,29.200000000000003,0,0,0,0,0,0,81.04
2004,8,21,8,30,29.1,0,0,0,0,0,0,81.58
2004,8,21,9,30,29,0,0,0,0,0,0,81.75
2004,8,21,10,30,28.900000000000002,0,0,0,0,0,0,81.37
2004,8,21,11,30,28.900000000000002,0,0,0,0,0,0,80.42
2004,8,21,12,30,29,0,0,0,0,0,0,79.06
2004,8,21,13,30,29.3,318,110,55,318,55,110,78.16
2004,8,21,14,30,29.8,588,329,92,588,92,329,75.32000000000001
2004,8,21,15,30,30.200000000000003,724,552,111,518,164,480,72.60000000000001
2004,8,21,16,30,30.5,802,745,118,802,118,745,71.16
2004,8,21,17,30,30.8,847,887,121,847,121,887,70.82000000000001
2004,8,21,18,30,31,847,959,136,847,136,959,71.16
2004,8,21,19,30,30.900000000000002,848,966,136,848,136,966,73.65
2004,8,21,20,30,30.8,832,903,134,430,381,778,75.98
2004,8,21,21,30,30.6,805,776,123,805,123,776,77.81
2004,8,21,22,30,30.400000000000002,747,595,111,747,111,595,78.92
2004,8,21,23,30,30.1,640,378,92,640,92,378,80.11
2004,8,22,0,30,29.700000000000003,415,153,62,415,62,153,82.08
2004,8,22,1,30,29.400000000000002,0,0,0,0,0,0,83.97
2004,8,22,2,30,29.200000000000003,0,0,0,0,0,0,84.48
2004,8,22,3,30,29.200000000000003,0,0,0,0,0,0,84.11
2004,8,22,4,30,29.1,0,0,0,0,0,0,84.43
2004,8,22,5,30,28.900000000000002,0,0,0,0,0,0,85.73
2004,8,22,6,30,28.700000000000003,0,0,0,0,0,0,87.24
2004,8,22,7,30,28.5,0,0,0,0,0,0,88.96000000000001
2004,8,22,8,30,28.3,0,0,0,0,0,0,90.19
2004,8,22,9,30,28.1,0,0,0,0,0,0,91.09
2004,8,22,10,30,28,0,0,0,0,0,0,90.92
2004,8,22,11,30,28,0,0,0,0,0,0,89.96000000000001
2004,8,22,12,30,27.900000000000002,0,0,0,0,0,0,89.28
2004,8,22,13,30,28,278,106,58,2,47,47,87.54
2004,8,22,14,30,28.3,570,325,96,325,167,297,84.29
2004,8,22,15,30,28.900000000000002,729,551,107,271,237,402,79.02
2004,8,22,16,30,29.6,817,746,109,455,229,583,74.19
2004,8,22,17,30,30.1,867,891,107,427,365,751,71.28
2004,8,22,18,30,30.400000000000002,886,969,109,886,109,969,69.72
2004,8,22,19,30,30.6,895,979,104,737,169,889,68.82000000000001
2004,8,22,20,30,30.6,888,917,98,188,444,617,68.92
2004,8,22,21,30,30.6,849,786,99,231,390,578,68.83
2004,8,22,22,30,30.5,796,604,89,95,316,377,69.06
2004,8,22,23,30,30.3,698,385,75,93,222,263,70.04
2004,8,23,0,30,29.900000000000002,487,157,51,1,70,70,72.98
2004,8,23,1,30,29.6,0,0,0,0,0,0,77.43
2004,8,23,2,30,29.400000000000002,0,0,0,0,0,0,78.95
2004,8,23,3,30,29.3,0,0,0,0,0,0,78.89
2004,8,23,4,30,29.1,0,0,0,0,0,0,79.21000000000001
2004,8,23,5,30,28.900000000000002,0,0,0,0,0,0,79.66
2004,8,23,6,30,28.700000000000003,0,0,0,0,0,0,79.91
2004,8,23,7,30,28.5,0,0,0,0,0,0,80.04
2004,8,23,8,30,28.3,0,0,0,0,0,0,80.13
2004,8,23,9,30,28.200000000000003,0,0,0,0,0,0,80.10000000000001
2004,8,23,10,30,28.1,0,0,0,0,0,0,80.19
2004,8,23,11,30,28.1,0,0,0,0,0,0,79.75
2004,8,23,12,30,28.3,0,0,0,0,0,0,78.59
2004,8,23,13,30,28.900000000000002,435,116,42,86,80,94,76.82000000000001
2004,8,23,14,30,29.5,684,340,66,684,66,340,73.2
2004,8,23,15,30,30,796,564,80,796,80,564,71.75
2004,8,23,16,30,30.3,856,755,88,856,88,755,71.02
2004,8,23,17,30,30.400000000000002,889,896,93,889,93,896,71.08
2004,8,23,18,30,30.400000000000002,892,969,104,892,104,969,71.9
2004,8,23,19,30,30.3,891,975,105,891,105,975,73.7
2004,8,23,20,30,30.1,877,911,104,877,104,911,76.31
2004,8,23,21,30,29.8,786,767,133,416,338,674,79.35000000000001
2004,8,23,22,30,29.6,712,583,124,324,292,500,81.61
2004,8,23,23,30,29.200000000000003,584,364,106,297,178,309,84.74
2004,8,24,0,30,28.900000000000002,338,142,69,7,78,80,87.43
2004,8,24,1,30,28.700000000000003,0,0,0,0,0,0,89.29
2004,8,24,2,30,28.6,0,0,0,0,0,0,90.10000000000001
2004,8,24,3,30,28.5,0,0,0,0,0,0,90.65
2004,8,24,4,30,28.5,0,0,0,0,0,0,90.52
2004,8,24,5,30,28.400000000000002,0,0,0,0,0,0,90.9
2004,8,24,6,30,28.400000000000002,0,0,0,0,0,0,90.75
2004,8,24,7,30,28.3,0,0,0,0,0,0,91.26
2004,8,24,8,30,28.200000000000003,0,0,0,0,0,0,91.88
2004,8,24,9,30,28.1,0,0,0,0,0,0,92.2
2004,8,24,10,30,28.1,0,0,0,0,0,0,92.2
2004,8,24,11,30,28,0,0,0,0,0,0,92.44
2004,8,24,12,30,28,0,0,0,0,0,0,91.67
2004,8,24,13,30,28.200000000000003,284,105,56,12,79,81,90.21000000000001
2004,8,24,14,30,28.400000000000002,563,322,98,195,193,271,88.77
2004,8,24,15,30,28.6,703,544,117,703,117,544,87.29
2004,8,24,16,30,28.900000000000002,782,736,127,782,127,736,85.18
2004,8,24,17,30,28.900000000000002,826,877,132,826,132,877,84.56
2004,8,24,18,30,28.900000000000002,797,941,168,797,168,941,84.49
2004,8,24,19,30,28.900000000000002,796,947,171,796,171,947,84.65
2004,8,24,20,30,28.8,780,883,166,440,384,788,85.42
2004,8,24,21,30,28.8,771,761,141,771,141,761,85.61
2004,8,24,22,30,28.8,713,581,124,713,124,581,85.81
2004,8,24,23,30,28.700000000000003,602,365,101,602,101,365,86.68
2004,8,25,0,30,28.6,372,142,64,372,64,142,87.81
2004,8,25,1,30,28.400000000000002,0,0,0,0,0,0,89.60000000000001
2004,8,25,2,30,28.400000000000002,0,0,0,0,0,0,89.92
2004,8,25,3,30,28.400000000000002,0,0,0,0,0,0,90.05
2004,8,25,4,30,28.400000000000002,0,0,0,0,0,0,90.16
2004,8,25,5,30,28.3,0,0,0,0,0,0,90.64
2004,8,25,6,30,28.3,0,0,0,0,0,0,90.39
2004,8,25,7,30,28.200000000000003,0,0,0,0,0,0,90.57000000000001
2004,8,25,8,30,28.200000000000003,0,0,0,0,0,0,90.23
2004,8,25,9,30,28.200000000000003,0,0,0,0,0,0,90.23
2004,8,25,10,30,28.200000000000003,0,0,0,0,0,0,90.32000000000001
2004,8,25,11,30,28.3,0,0,0,0,0,0,89.79
2004,8,25,12,30,28.5,0,0,0,0,0,0,88.77
2004,8,25,13,30,29,302,105,54,302,54,105,87.62
2004,8,25,14,30,29.400000000000002,578,324,94,578,94,324,85.68
2004,8,25,15,30,29.700000000000003,712,546,114,712,114,546,83.84
2004,8,25,16,30,29.900000000000002,785,737,126,785,126,737,82.27
2004,8,25,17,30,30.1,828,879,132,828,132,879,80.52
2004,8,25,18,30,30.200000000000003,836,953,144,836,144,953,79.45
2004,8,25,19,30,30.1,844,962,140,844,140,962,79.81
2004,8,25,20,30,29.900000000000002,836,900,133,836,133,900,80.79
2004,8,25,21,30,29.8,771,763,144,771,144,763,81.99
2004,8,25,22,30,29.700000000000003,710,581,127,710,127,581,83.38
2004,8,25,23,30,29.6,594,363,104,594,104,363,84.55
2004,8,26,0,30,29.400000000000002,356,140,65,56,105,116,86.60000000000001
2004,8,26,1,30,29.200000000000003,0,0,0,0,0,0,88.08
2004,8,26,2,30,29.200000000000003,0,0,0,0,0,0,87.99
2004,8,26,3,30,29.200000000000003,0,0,0,0,0,0,87.88
2004,8,26,4,30,29.200000000000003,0,0,0,0,0,0,87.56
2004,8,26,5,30,29.200000000000003,0,0,0,0,0,0,86.8
2004,8,26,6,30,29.200000000000003,0,0,0,0,0,0,86.07000000000001
2004,8,26,7,30,29.1,0,0,0,0,0,0,85.97
2004,8,26,8,30,29,0,0,0,0,0,0,85.88
2004,8,26,9,30,28.900000000000002,0,0,0,0,0,0,85.87
2004,8,26,10,30,28.8,0,0,0,0,0,0,85.89
2004,8,26,11,30,28.8,0,0,0,0,0,0,85.42
2004,8,26,12,30,28.8,0,0,0,0,0,0,85.04
2004,8,26,13,30,29.1,329,107,51,0,3,3,85.11
2004,8,26,14,30,29.6,597,326,89,0,15,15,82.63
2004,8,26,15,30,30.200000000000003,721,548,111,8,170,175,79.55
2004,8,26,16,30,30.6,788,739,126,59,318,364,77.05
2004,8,26,17,30,30.900000000000002,824,878,136,266,380,620,75.62
2004,8,26,18,30,30.8,774,935,187,315,390,695,76.11
2004,8,26,19,30,30.6,775,941,188,405,345,738,77.66
2004,8,26,20,30,30.3,744,872,191,398,341,705,80.51
2004,8,26,21,30,30,664,734,202,311,330,580,83.55
2004,8,26,22,30,29.700000000000003,539,544,201,297,276,465,86.18
2004,8,26,23,30,29.3,377,330,166,161,217,287,88.69
2004,8,27,0,30,29,159,120,87,35,108,115,90.47
2004,8,27,1,30,28.900000000000002,0,0,0,0,0,0,90.5
2004,8,27,2,30,28.900000000000002,0,0,0,0,0,0,89.10000000000001
2004,8,27,3,30,28.900000000000002,0,0,0,0,0,0,87.65
2004,8,27,4,30,28.8,0,0,0,0,0,0,87.65
2004,8,27,5,30,28.6,0,0,0,0,0,0,89.07000000000001
2004,8,27,6,30,28.6,0,0,0,0,0,0,89.29
2004,8,27,7,30,28.6,0,0,0,0,0,0,89.36
2004,8,27,8,30,28.6,0,0,0,0,0,0,89.10000000000001
2004,8,27,9,30,28.6,0,0,0,0,0,0,88.3
2004,8,27,10,30,28.6,0,0,0,0,0,0,86.9
2004,8,27,11,30,28.5,0,0,0,0,0,0,85.88
2004,8,27,12,30,28.400000000000002,0,0,0,0,0,0,85.11
2004,8,27,13,30,28.3,219,98,62,0,3,3,85.26
2004,8,27,14,30,28.3,489,310,116,0,14,14,84.53
2004,8,27,15,30,28.3,626,528,149,0,74,75,85.12
2004,8,27,16,30,28.3,717,719,162,134,346,450,86.36
2004,8,27,17,30,28.400000000000002,785,865,158,553,230,728,85.28
2004,8,27,18,30,28.6,832,949,145,618,200,797,81.64
2004,8,27,19,30,28.8,848,960,136,698,141,818,78.11
2004,8,27,20,30,29.1,844,898,127,302,432,709,75.17
2004,8,27,21,30,29.3,794,763,129,794,129,763,72.99
2004,8,27,22,30,29.400000000000002,737,581,114,737,114,581,71.72
2004,8,27,23,30,29.3,622,361,93,622,93,361,72.61
2004,8,28,0,30,29,377,136,60,377,60,136,75.4
2004,8,28,1,30,28.700000000000003,0,0,0,0,0,0,78.71000000000001
2004,8,28,2,30,28.700000000000003,0,0,0,0,0,0,79.4
2004,8,28,3,30,28.700000000000003,0,0,0,0,0,0,79.2
2004,8,28,4,30,28.700000000000003,0,0,0,0,0,0,78.65
2004,8,28,5,30,28.700000000000003,0,0,0,0,0,0,78.86
2004,8,28,6,30,28.5,0,0,0,0,0,0,81.17
2004,8,28,7,30,28.3,0,0,0,0,0,0,83.97
2004,8,28,8,30,28.200000000000003,0,0,0,0,0,0,86.35000000000001
2004,8,28,9,30,28,0,0,0,0,0,0,88.23
2004,8,28,10,30,28,0,0,0,0,0,0,88.18
2004,8,28,11,30,27.900000000000002,0,0,0,0,0,0,88
2004,8,28,12,30,27.8,0,0,0,0,0,0,87.93
2004,8,28,13,30,27.900000000000002,191,96,64,0,3,3,87.51
2004,8,28,14,30,28.1,470,307,121,0,14,14,85.76
2004,8,28,15,30,28.3,606,523,157,0,26,26,84.48
2004,8,28,16,30,28.200000000000003,672,708,186,0,88,88,85.06
2004,8,28,17,30,28,700,840,211,37,380,413,86.57000000000001
2004,8,28,18,30,27.8,650,897,269,126,451,573,87.87
2004,8,28,19,30,27.700000000000003,624,895,290,191,474,659,88.13
2004,8,28,20,30,27.6,579,827,299,450,332,742,87.73
2004,8,28,21,30,27.400000000000002,543,703,271,190,379,530,88.35000000000001
2004,8,28,22,30,27.3,481,530,226,110,310,379,88.78
2004,8,28,23,30,27.200000000000003,396,327,158,77,216,249,88.75
2004,8,29,0,30,27.1,180,118,82,3,72,72,88.85000000000001
2004,8,29,1,30,27,0,0,0,0,0,0,89.28
2004,8,29,2,30,27,0,0,0,0,0,0,88.43
2004,8,29,3,30,27,0,0,0,0,0,0,87.33
2004,8,29,4,30,27,0,0,0,0,0,0,86.19
2004,8,29,5,30,27,0,0,0,0,0,0,85.24
2004,8,29,6,30,26.900000000000002,0,0,0,0,0,0,84.9
2004,8,29,7,30,26.900000000000002,0,0,0,0,0,0,84.27
2004,8,29,8,30,26.900000000000002,0,0,0,0,0,0,83.56
2004,8,29,9,30,26.8,0,0,0,0,0,0,83.41
2004,8,29,10,30,26.700000000000003,0,0,0,0,0,0,83.38
2004,8,29,11,30,26.700000000000003,0,0,0,0,0,0,83.21000000000001
2004,8,29,12,30,26.8,0,0,0,0,0,0,82.74
2004,8,29,13,30,27.200000000000003,275,101,56,32,75,81,81.67
2004,8,29,14,30,27.6,556,319,99,12,123,128,79.43
2004,8,29,15,30,28,696,541,121,221,257,390,78.32000000000001
2004,8,29,16,30,28.3,776,734,132,376,283,575,77.95
2004,8,29,17,30,28.6,825,875,135,241,401,618,77.51
2004,8,29,18,30,28.8,839,950,141,393,342,721,77.65
2004,8,29,19,30,28.900000000000002,844,956,138,683,211,872,78.69
2004,8,29,20,30,28.900000000000002,830,889,134,478,263,698,80.05
2004,8,29,21,30,28.8,809,761,118,575,178,634,81.52
2004,8,29,22,30,28.6,746,575,107,223,264,405,82.99
2004,8,29,23,30,28.5,629,355,88,11,115,120,83.92
2004,8,30,0,30,28.200000000000003,390,131,55,6,64,65,86.09
2004,8,30,1,30,28.1,0,0,0,0,0,0,87.35000000000001
2004,8,30,2,30,28,0,0,0,0,0,0,87.96000000000001
2004,8,30,3,30,28,0,0,0,0,0,0,87.89
2004,8,30,4,30,27.900000000000002,0,0,0,0,0,0,88.05
2004,8,30,5,30,27.900000000000002,0,0,0,0,0,0,87.85000000000001
2004,8,30,6,30,27.8,0,0,0,0,0,0,88.28
2004,8,30,7,30,27.8,0,0,0,0,0,0,88.17
2004,8,30,8,30,27.700000000000003,0,0,0,0,0,0,88.83
2004,8,30,9,30,27.700000000000003,0,0,0,0,0,0,89.03
2004,8,30,10,30,27.8,0,0,0,0,0,0,88.69
2004,8,30,11,30,27.8,0,0,0,0,0,0,88.74
2004,8,30,12,30,27.900000000000002,0,0,0,0,0,0,88.12
2004,8,30,13,30,28.200000000000003,315,103,51,0,5,5,87.18
2004,8,30,14,30,28.5,583,321,91,19,139,147,85.69
2004,8,30,15,30,28.700000000000003,706,542,116,128,260,337,84.32000000000001
2004,8,30,16,30,28.900000000000002,772,730,133,454,248,600,82.28
2004,8,30,17,30,29,806,867,145,376,346,683,80.42
2004,8,30,18,30,29.1,859,952,125,859,125,952,78.35000000000001
2004,8,30,19,30,29.1,854,954,129,854,129,954,77.60000000000001
2004,8,30,20,30,28.900000000000002,833,886,130,669,161,768,78.82000000000001
2004,8,30,21,30,28.700000000000003,791,752,126,791,126,752,80.09
2004,8,30,22,30,28.400000000000002,728,568,113,388,226,468,82.03
2004,8,30,23,30,28.1,615,350,91,322,158,294,84.27
2004,8,31,0,30,27.900000000000002,382,128,55,14,77,80,86.29
2004,8,31,1,30,27.900000000000002,0,0,0,0,0,0,87.43
2004,8,31,2,30,27.900000000000002,0,0,0,0,0,0,87.33
2004,8,31,3,30,27.900000000000002,0,0,0,0,0,0,86.62
2004,8,31,4,30,27.900000000000002,0,0,0,0,0,0,86.31
2004,8,31,5,30,27.700000000000003,0,0,0,0,0,0,87.82000000000001
2004,8,31,6,30,27.6,0,0,0,0,0,0,89.25
2004,8,31,7,30,27.400000000000002,0,0,0,0,0,0,91.36
2004,8,31,8,30,27.200000000000003,0,0,0,0,0,0,93.17
2004,8,31,9,30,27.1,0,0,0,0,0,0,93.86
2004,8,31,10,30,27.1,0,0,0,0,0,0,93.39
2004,8,31,11,30,27.1,0,0,0,0,0,0,92.64
2004,8,31,12,30,27.1,0,0,0,0,0,0,91.98
2004,8,31,13,30,27.400000000000002,311,102,51,0,5,5,90.81
2004,8,31,14,30,27.700000000000003,578,319,92,0,14,14,88.61
2004,8,31,15,30,28.1,704,540,116,2,125,126,85.11
2004,8,31,16,30,28.400000000000002,772,729,132,65,326,376,82.03
2004,8,31,17,30,28.5,811,867,141,345,361,670,82.24
2004,8,31,18,30,28.5,824,941,149,294,391,673,83.88
2004,8,31,19,30,28.400000000000002,826,946,149,232,414,638,85.69
2004,8,31,20,30,28.3,814,881,144,453,302,713,86.5
2004,8,31,21,30,28.200000000000003,783,750,132,62,321,369,86.77
2004,8,31,22,30,28.1,725,566,115,46,246,274,86.81
2004,8,31,23,30,28,613,348,92,133,194,249,86.8
2004,9,1,0,30,27.900000000000002,367,124,56,367,56,124,87.18
2004,9,1,1,30,27.8,0,0,0,0,0,0,87.74
2004,9,1,2,30,27.8,0,0,0,0,0,0,87.51
2004,9,1,3,30,27.8,0,0,0,0,0,0,87.28
2004,9,1,4,30,27.700000000000003,0,0,0,0,0,0,87.77
2004,9,1,5,30,27.6,0,0,0,0,0,0,88.56
2004,9,1,6,30,27.5,0,0,0,0,0,0,89.28
2004,9,1,7,30,27.3,0,0,0,0,0,0,90.27
2004,9,1,8,30,27.1,0,0,0,0,0,0,90.61
2004,9,1,9,30,26.900000000000002,0,0,0,0,0,0,90.14
2004,9,1,10,30,26.700000000000003,0,0,0,0,0,0,89.52
2004,9,1,11,30,26.5,0,0,0,0,0,0,89.44
2004,9,1,12,30,26.6,0,0,0,0,0,0,87.60000000000001
2004,9,1,13,30,26.8,411,108,41,0,7,7,85.79
2004,9,1,14,30,27.1,663,331,71,0,42,42,83.58
2004,9,1,15,30,27.400000000000002,777,554,87,10,180,186,82.5
2004,9,1,16,30,27.8,839,745,97,358,264,541,80.54
2004,9,1,17,30,28.1,874,884,102,256,357,585,78.4
2004,9,1,18,30,28.5,895,961,102,450,288,720,75.56
2004,9,1,19,30,28.8,898,965,101,60,424,482,72.85000000000001
2004,9,1,20,30,29,886,898,98,142,416,545,70.86
2004,9,1,21,30,29.1,786,749,130,169,398,531,70.05
2004,9,1,22,30,29.1,720,562,116,530,194,523,70.57000000000001
2004,9,1,23,30,28.900000000000002,596,342,95,223,196,289,72.48
2004,9,2,0,30,28.6,334,120,58,21,77,81,75.85000000000001
2004,9,2,1,30,28.3,0,0,0,0,0,0,79.17
2004,9,2,2,30,28.200000000000003,0,0,0,0,0,0,80.36
2004,9,2,3,30,28.1,0,0,0,0,0,0,81.41
2004,9,2,4,30,28,0,0,0,0,0,0,82.2
2004,9,2,5,30,27.8,0,0,0,0,0,0,83.36
2004,9,2,6,30,27.6,0,0,0,0,0,0,84.48
2004,9,2,7,30,27.400000000000002,0,0,0,0,0,0,85.35000000000001
2004,9,2,8,30,27.200000000000003,0,0,0,0,0,0,86.04
2004,9,2,9,30,27.1,0,0,0,0,0,0,86.17
2004,9,2,10,30,27,0,0,0,0,0,0,86.33
2004,9,2,11,30,27,0,0,0,0,0,0,86.06
2004,9,2,12,30,27.200000000000003,0,0,0,0,0,0,84.97
2004,9,2,13,30,27.5,310,100,51,10,63,64,84.67
2004,9,2,14,30,27.900000000000002,600,322,87,8,142,145,82.53
2004,9,2,15,30,28.400000000000002,738,546,103,597,167,525,80.53
2004,9,2,16,30,28.8,812,738,112,614,159,632,78.39
2004,9,2,17,30,29.1,853,878,117,233,391,599,76.16
2004,9,2,18,30,29.3,881,956,112,278,373,640,74.54
2004,9,2,19,30,29.400000000000002,883,960,111,412,320,716,73.49
2004,9,2,20,30,29.400000000000002,870,892,108,343,351,660,73.37
2004,9,2,21,30,29.400000000000002,832,757,105,289,311,537,73.69
2004,9,2,22,30,29.3,772,570,94,138,263,348,74.85000000000001
2004,9,2,23,30,29.1,658,348,77,40,173,189,76.99
2004,9,3,0,30,28.8,414,123,48,76,61,75,79.94
2004,9,3,1,30,28.5,0,0,0,0,0,0,81.9
2004,9,3,2,30,28.400000000000002,0,0,0,0,0,0,82.4
2004,9,3,3,30,28.3,0,0,0,0,0,0,82.52
2004,9,3,4,30,28.1,0,0,0,0,0,0,82.92
2004,9,3,5,30,28,0,0,0,0,0,0,83.3
2004,9,3,6,30,27.8,0,0,0,0,0,0,84.39
2004,9,3,7,30,27.700000000000003,0,0,0,0,0,0,84.94
2004,9,3,8,30,27.5,0,0,0,0,0,0,85.93
2004,9,3,9,30,27.400000000000002,0,0,0,0,0,0,86.64
2004,9,3,10,30,27.400000000000002,0,0,0,0,0,0,86.7
2004,9,3,11,30,27.400000000000002,0,0,0,0,0,0,86.7
2004,9,3,12,30,27.5,0,0,0,0,0,0,86.12
2004,9,3,13,30,27.700000000000003,346,102,47,16,65,67,86.13
2004,9,3,14,30,28,619,323,81,0,98,98,85.33
2004,9,3,15,30,28.3,747,547,99,389,210,443,83.41
2004,9,3,16,30,28.5,817,738,109,334,343,600,81.92
2004,9,3,17,30,28.700000000000003,857,879,114,857,114,879,80.43
2004,9,3,18,30,28.8,873,953,118,654,216,842,79.37
2004,9,3,19,30,29,880,958,114,880,114,958,77.55
2004,9,3,20,30,29.200000000000003,872,891,107,485,340,777,75.75
2004,9,3,21,30,29.400000000000002,836,756,103,649,189,696,74.22
2004,9,3,22,30,29.5,778,569,91,778,91,569,73.52
2004,9,3,23,30,29.5,667,347,75,667,75,347,73.81
2004,9,4,0,30,29.200000000000003,418,121,46,418,46,121,76.8
2004,9,4,1,30,29,0,0,0,0,0,0,80.13
2004,9,4,2,30,29,0,0,0,0,0,0,81.17
2004,9,4,3,30,28.900000000000002,0,0,0,0,0,0,82.62
2004,9,4,4,30,28.700000000000003,0,0,0,0,0,0,84.85000000000001
2004,9,4,5,30,28.6,0,0,0,0,0,0,86.46000000000001
2004,9,4,6,30,28.5,0,0,0,0,0,0,87.46000000000001
2004,9,4,7,30,28.3,0,0,0,0,0,0,88.5
2004,9,4,8,30,28.200000000000003,0,0,0,0,0,0,88.45
2004,9,4,9,30,28,0,0,0,0,0,0,88.2
2004,9,4,10,30,27.8,0,0,0,0,0,0,87.67
2004,9,4,11,30,27.700000000000003,0,0,0,0,0,0,87.27
2004,9,4,12,30,27.8,0,0,0,0,0,0,86.17
2004,9,4,13,30,28,379,103,43,379,43,103,85.46000000000001
2004,9,4,14,30,28.5,659,328,71,254,173,272,82.68
2004,9,4,15,30,28.8,782,553,85,315,261,450,80.85000000000001
2004,9,4,16,30,29.1,845,744,94,308,347,584,79.46000000000001
2004,9,4,17,30,29.200000000000003,881,883,99,198,433,610,79.61
2004,9,4,18,30,29.200000000000003,874,951,116,874,116,951,80.31
2004,9,4,19,30,29.1,878,954,114,878,114,954,81.43
2004,9,4,20,30,28.8,869,887,108,869,108,887,83.36
2004,9,4,21,30,28.6,794,743,124,278,314,530,84.15
2004,9,4,22,30,28.400000000000002,737,557,107,501,181,488,84.62
2004,9,4,23,30,28.200000000000003,624,337,85,349,150,291,84.92
2004,9,5,0,30,27.900000000000002,374,115,50,8,67,69,86.15
2004,9,5,1,30,27.6,0,0,0,0,0,0,88.11
2004,9,5,2,30,27.5,0,0,0,0,0,0,88.12
2004,9,5,3,30,27.5,0,0,0,0,0,0,87.5
2004,9,5,4,30,27.400000000000002,0,0,0,0,0,0,87.36
2004,9,5,5,30,27.3,0,0,0,0,0,0,87.29
2004,9,5,6,30,27.200000000000003,0,0,0,0,0,0,87.39
2004,9,5,7,30,27.1,0,0,0,0,0,0,87.45
2004,9,5,8,30,27,0,0,0,0,0,0,87.57000000000001
2004,9,5,9,30,26.900000000000002,0,0,0,0,0,0,87.87
2004,9,5,10,30,26.900000000000002,0,0,0,0,0,0,87.24
2004,9,5,11,30,26.900000000000002,0,0,0,0,0,0,86.53
2004,9,5,12,30,27,0,0,0,0,0,0,85.18
2004,9,5,13,30,27.6,441,107,38,56,70,79,83.15
2004,9,5,14,30,28.200000000000003,702,334,61,30,141,153,80.71000000000001
2004,9,5,15,30,28.700000000000003,815,559,73,411,188,434,79.07000000000001
2004,9,5,16,30,29,872,750,80,424,303,629,79.33
2004,9,5,17,30,29.3,903,889,85,736,157,812,79.58
2004,9,5,18,30,29.400000000000002,908,960,93,391,322,695,80.35000000000001
2004,9,5,19,30,29.400000000000002,907,961,95,533,252,761,81.14
2004,9,5,20,30,29.3,890,890,94,890,94,890,82.19
2004,9,5,21,30,29.1,845,752,96,845,96,752,83.32000000000001
2004,9,5,22,30,29,784,563,87,784,87,563,84.02
2004,9,5,23,30,28.8,669,340,72,669,72,340,85.21000000000001
2004,9,6,0,30,28.6,409,114,44,257,70,114,86.75
2004,9,6,1,30,28.400000000000002,0,0,0,0,0,0,88.25
2004,9,6,2,30,28.400000000000002,0,0,0,0,0,0,88.37
2004,9,6,3,30,28.400000000000002,0,0,0,0,0,0,88.57000000000001
2004,9,6,4,30,28.3,0,0,0,0,0,0,89.28
2004,9,6,5,30,28.3,0,0,0,0,0,0,89.42
2004,9,6,6,30,28.3,0,0,0,0,0,0,89.43
2004,9,6,7,30,28.200000000000003,0,0,0,0,0,0,89.86
2004,9,6,8,30,28,0,0,0,0,0,0,90.38
2004,9,6,9,30,27.900000000000002,0,0,0,0,0,0,90.2
2004,9,6,10,30,27.8,0,0,0,0,0,0,90.29
2004,9,6,11,30,27.8,0,0,0,0,0,0,89.97
2004,9,6,12,30,28,0,0,0,0,0,0,88.67
2004,9,6,13,30,28.5,392,103,41,392,41,103,86.73
2004,9,6,14,30,29.1,662,327,70,662,70,327,83.39
2004,9,6,15,30,29.5,781,552,86,781,86,552,80.52
2004,9,6,16,30,29.900000000000002,845,743,95,352,333,602,78.13
2004,9,6,17,30,30.1,880,882,100,262,424,657,77.11
2004,9,6,18,30,30.200000000000003,885,953,110,3,337,340,77.03
2004,9,6,19,30,30.200000000000003,887,955,110,177,455,624,77.45
2004,9,6,20,30,30.1,871,885,108,871,108,885,78.19
2004,9,6,21,30,30,830,748,106,830,106,748,78.84
2004,9,6,22,30,29.8,766,558,95,766,95,558,79.64
2004,9,6,23,30,29.6,642,334,79,430,133,304,80.4
2004,9,7,0,30,29.200000000000003,373,109,47,0,4,4,82.67
2004,9,7,1,30,28.900000000000002,0,0,0,0,0,0,85.05
2004,9,7,2,30,28.8,0,0,0,0,0,0,85.4
2004,9,7,3,30,28.700000000000003,0,0,0,0,0,0,85.84
2004,9,7,4,30,28.700000000000003,0,0,0,0,0,0,85.56
2004,9,7,5,30,28.6,0,0,0,0,0,0,84.83
2004,9,7,6,30,28.5,0,0,0,0,0,0,83.87
2004,9,7,7,30,28.5,0,0,0,0,0,0,83.02
2004,9,7,8,30,28.400000000000002,0,0,0,0,0,0,82.52
2004,9,7,9,30,28.400000000000002,0,0,0,0,0,0,81.51
2004,9,7,10,30,28.3,0,0,0,0,0,0,81.73
2004,9,7,11,30,28.400000000000002,0,0,0,0,0,0,81.44
2004,9,7,12,30,28.5,0,0,0,0,0,0,81.43
2004,9,7,13,30,28.700000000000003,266,94,53,266,53,94,82.11
2004,9,7,14,30,29,539,310,102,539,102,310,81.4
2004,9,7,15,30,29.200000000000003,668,529,131,668,131,529,81.34
2004,9,7,16,30,29.1,737,716,152,737,152,716,82.34
2004,9,7,17,30,28.8,778,853,163,778,163,853,84.11
2004,9,7,18,30,28.5,822,933,151,822,151,933,84.65
2004,9,7,19,30,28.3,839,939,141,839,141,939,84.15
2004,9,7,20,30,28.400000000000002,836,874,129,836,129,874,82.32000000000001
2004,9,7,21,30,28.400000000000002,766,730,139,766,139,730,81.28
2004,9,7,22,30,28.400000000000002,698,542,122,65,295,334,80.63
2004,9,7,23,30,28.400000000000002,572,322,96,294,157,273,80.18
2004,9,8,0,30,28.200000000000003,303,102,53,1,33,34,81.44
2004,9,8,1,30,28,0,0,0,0,0,0,82.97
2004,9,8,2,30,28,0,0,0,0,0,0,82.82000000000001
2004,9,8,3,30,28.1,0,0,0,0,0,0,82.56
2004,9,8,4,30,28.1,0,0,0,0,0,0,83.42
2004,9,8,5,30,28.1,0,0,0,0,0,0,85.19
2004,9,8,6,30,28,0,0,0,0,0,0,87.13
2004,9,8,7,30,27.900000000000002,0,0,0,0,0,0,88.60000000000001
2004,9,8,8,30,27.8,0,0,0,0,0,0,89.52
2004,9,8,9,30,27.8,0,0,0,0,0,0,89.17
2004,9,8,10,30,27.8,0,0,0,0,0,0,88.59
2004,9,8,11,30,27.8,0,0,0,0,0,0,87.83
2004,9,8,12,30,27.900000000000002,0,0,0,0,0,0,86.28
2004,9,8,13,30,28.3,259,93,53,10,72,74,83.88
2004,9,8,14,30,29,552,312,99,552,99,312,78.88
2004,9,8,15,30,29.900000000000002,699,535,120,699,120,535,72.93
2004,9,8,16,30,30.5,782,728,129,782,129,728,69.32000000000001
2004,9,8,17,30,30.900000000000002,829,868,133,829,133,868,67.79
2004,9,8,18,30,31.200000000000003,855,943,132,855,132,943,67.29
2004,9,8,19,30,31.200000000000003,862,947,128,467,377,821,68.25
2004,9,8,20,30,31.200000000000003,851,877,122,851,122,877,69.33
2004,9,8,21,30,31,771,730,137,771,137,730,70.95
2004,9,8,22,30,30.700000000000003,697,540,122,697,122,540,72.77
2004,9,8,23,30,30.400000000000002,557,317,99,187,192,266,74.76
2004,9,9,0,30,29.900000000000002,267,97,54,267,54,97,78.47
2004,9,9,1,30,29.6,0,0,0,0,0,0,81.17
2004,9,9,2,30,29.400000000000002,0,0,0,0,0,0,82.33
2004,9,9,3,30,29.200000000000003,0,0,0,0,0,0,83.61
2004,9,9,4,30,29,0,0,0,0,0,0,85.24
2004,9,9,5,30,28.700000000000003,0,0,0,0,0,0,87.5
2004,9,9,6,30,28.400000000000002,0,0,0,0,0,0,89.26
2004,9,9,7,30,28.200000000000003,0,0,0,0,0,0,89.56
2004,9,9,8,30,27.900000000000002,0,0,0,0,0,0,89.59
2004,9,9,9,30,27.6,0,0,0,0,0,0,89.17
2004,9,9,10,30,27.3,0,0,0,0,0,0,89.33
2004,9,9,11,30,27,0,0,0,0,0,0,89.16
2004,9,9,12,30,26.900000000000002,0,0,0,0,0,0,87.72
2004,9,9,13,30,27.200000000000003,372,100,43,14,67,69,84.85000000000001
2004,9,9,14,30,27.8,655,324,72,315,147,268,81.43
2004,9,9,15,30,28.5,771,548,90,329,226,421,79.14
2004,9,9,16,30,29.400000000000002,831,737,103,517,188,583,75.25
2004,9,9,17,30,30.400000000000002,866,876,109,574,223,730,69.54
2004,9,9,18,30,31,859,941,128,720,134,817,65.51
2004,9,9,19,30,31.1,858,942,129,858,129,942,66.22
2004,9,9,20,30,30.900000000000002,837,869,128,837,128,869,69.59
2004,9,9,21,30,30.6,795,731,123,795,123,731,72.71000000000001
2004,9,9,22,30,30.200000000000003,712,538,115,712,115,538,75.55
2004,9,9,23,30,29.8,560,313,96,560,96,313,78.06
2004,9,10,0,30,29.3,253,93,54,253,54,93,81.26
2004,9,10,1,30,29,0,0,0,0,0,0,83.77
2004,9,10,2,30,28.8,0,0,0,0,0,0,84.77
2004,9,10,3,30,28.700000000000003,0,0,0,0,0,0,85.41
2004,9,10,4,30,28.6,0,0,0,0,0,0,86.04
2004,9,10,5,30,28.400000000000002,0,0,0,0,0,0,87.15
2004,9,10,6,30,28.3,0,0,0,0,0,0,87.72
2004,9,10,7,30,28.1,0,0,0,0,0,0,88.67
2004,9,10,8,30,28,0,0,0,0,0,0,88.71000000000001
2004,9,10,9,30,27.900000000000002,0,0,0,0,0,0,88.69
2004,9,10,10,30,27.900000000000002,0,0,0,0,0,0,88.28
2004,9,10,11,30,28,0,0,0,0,0,0,87.33
2004,9,10,12,30,28.1,0,0,0,0,0,0,86.05
2004,9,10,13,30,28.400000000000002,294,94,49,16,65,67,84.93
2004,9,10,14,30,28.900000000000002,601,317,86,206,163,242,81.64
2004,9,10,15,30,29.400000000000002,742,543,103,298,271,447,78.09
2004,9,10,16,30,30.1,817,736,113,817,113,736,72.74
2004,9,10,17,30,30.700000000000003,860,877,118,860,118,877,68.22
2004,9,10,18,30,31.1,869,948,127,869,127,948,66.14
2004,9,10,19,30,31.1,874,949,123,874,123,949,67.79
2004,9,10,20,30,31,862,878,117,862,117,878,70.15
2004,9,10,21,30,30.700000000000003,780,729,134,780,134,729,73.03
2004,9,10,22,30,30.400000000000002,704,537,120,182,303,410,75.62
2004,9,10,23,30,30,560,312,97,16,171,177,78.37
2004,9,11,0,30,29.5,262,92,52,0,42,42,82.19
2004,9,11,1,30,29.200000000000003,0,0,0,0,0,0,84.73
2004,9,11,2,30,29.200000000000003,0,0,0,0,0,0,85.05
2004,9,11,3,30,29.1,0,0,0,0,0,0,85.69
2004,9,11,4,30,28.900000000000002,0,0,0,0,0,0,86.92
2004,9,11,5,30,28.8,0,0,0,0,0,0,87.84
2004,9,11,6,30,28.6,0,0,0,0,0,0,89.23
2004,9,11,7,30,28.400000000000002,0,0,0,0,0,0,90.23
2004,9,11,8,30,28.3,0,0,0,0,0,0,89.83
2004,9,11,9,30,28.200000000000003,0,0,0,0,0,0,89.29
2004,9,11,10,30,28.1,0,0,0,0,0,0,88.62
2004,9,11,11,30,28.1,0,0,0,0,0,0,87.12
2004,9,11,12,30,28.3,0,0,0,0,0,0,84.55
2004,9,11,13,30,28.900000000000002,306,94,48,306,48,94,82.09
2004,9,11,14,30,29.5,601,316,86,601,86,316,78.91
2004,9,11,15,30,30,737,541,105,737,105,541,76.63
2004,9,11,16,30,30.3,808,732,117,808,117,732,75.02
2004,9,11,17,30,30.5,848,870,123,848,123,870,74.7
2004,9,11,18,30,30.6,862,941,128,862,128,941,75.4
2004,9,11,19,30,30.5,862,940,128,862,128,940,77.06
2004,9,11,20,30,30.400000000000002,843,867,125,843,125,867,78.38
2004,9,11,21,30,30.200000000000003,813,730,113,813,113,730,79.88
2004,9,11,22,30,30,745,538,100,745,100,538,81.09
2004,9,11,23,30,29.6,613,314,81,613,81,314,83.25
2004,9,12,0,30,29.200000000000003,324,93,45,324,45,93,86.12
2004,9,12,1,30,28.900000000000002,0,0,0,0,0,0,88.21000000000001
2004,9,12,2,30,28.900000000000002,0,0,0,0,0,0,88.38
2004,9,12,3,30,28.8,0,0,0,0,0,0,89
2004,9,12,4,30,28.8,0,0,0,0,0,0,89.15
2004,9,12,5,30,28.8,0,0,0,0,0,0,89.27
2004,9,12,6,30,28.700000000000003,0,0,0,0,0,0,89.93
2004,9,12,7,30,28.5,0,0,0,0,0,0,90.97
2004,9,12,8,30,28.400000000000002,0,0,0,0,0,0,91.45
2004,9,12,9,30,28.200000000000003,0,0,0,0,0,0,92.19
2004,9,12,10,30,27.900000000000002,0,0,0,0,0,0,92.94
2004,9,12,11,30,27.6,0,0,0,0,0,0,93.13
2004,9,12,12,30,27.400000000000002,0,0,0,0,0,0,92.76
2004,9,12,13,30,27.6,328,94,45,0,6,6,91.16
2004,9,12,14,30,28,631,318,77,0,52,53,87.44
2004,9,12,15,30,28.6,773,546,90,70,248,289,83.53
2004,9,12,16,30,29.1,849,741,95,163,322,446,79.91
2004,9,12,17,30,29.5,893,882,97,458,276,679,77.07000000000001
2004,9,12,18,30,29.700000000000003,908,956,101,731,166,854,76.09
2004,9,12,19,30,29.700000000000003,911,957,100,645,165,772,76.58
2004,9,12,20,30,29.700000000000003,897,884,97,543,219,695,77.33
2004,9,12,21,30,29.6,849,740,98,639,172,656,78.60000000000001
2004,9,12,22,30,29.5,782,545,88,286,210,377,79.82000000000001
2004,9,12,23,30,29.3,655,318,71,364,132,269,81.76
2004,9,13,0,30,29,368,93,40,368,40,93,84.83
2004,9,13,1,30,28.900000000000002,0,0,0,0,0,0,85.86
2004,9,13,2,30,28.900000000000002,0,0,0,0,0,0,85.60000000000001
2004,9,13,3,30,29,0,0,0,0,0,0,84.35000000000001
2004,9,13,4,30,29,0,0,0,0,0,0,83.23
2004,9,13,5,30,28.8,0,0,0,0,0,0,83.78
2004,9,13,6,30,28.6,0,0,0,0,0,0,85.15
2004,9,13,7,30,28.5,0,0,0,0,0,0,86.22
2004,9,13,8,30,28.400000000000002,0,0,0,0,0,0,86.76
2004,9,13,9,30,28.3,0,0,0,0,0,0,86.98
2004,9,13,10,30,28.3,0,0,0,0,0,0,86.34
2004,9,13,11,30,28.200000000000003,0,0,0,0,0,0,86.28
2004,9,13,12,30,28.1,0,0,0,0,0,0,86.53
2004,9,13,13,30,28.3,365,96,42,23,70,74,86.55
2004,9,13,14,30,28.6,650,320,72,650,72,320,85.60000000000001
2004,9,13,15,30,28.900000000000002,777,545,87,777,87,545,82.96000000000001
2004,9,13,16,30,29.200000000000003,843,736,96,843,96,736,79.63
2004,9,13,17,30,29.3,878,872,102,878,102,872,77.61
2004,9,13,18,30,29.3,859,934,127,859,127,934,77.44
2004,9,13,19,30,29.200000000000003,862,934,125,393,408,776,78.54
2004,9,13,20,30,29.1,849,861,119,444,355,743,79.73
2004,9,13,21,30,29,790,718,123,790,123,718,80.41
2004,9,13,22,30,28.900000000000002,725,528,106,725,106,528,81.01
2004,9,13,23,30,28.700000000000003,599,305,82,599,82,305,82.33
2004,9,14,0,30,28.5,313,87,43,3,59,59,83.98
2004,9,14,1,30,28.3,0,0,0,0,0,0,85.39
2004,9,14,2,30,28.200000000000003,0,0,0,0,0,0,85.46000000000001
2004,9,14,3,30,28.200000000000003,0,0,0,0,0,0,85.28
2004,9,14,4,30,28.1,0,0,0,0,0,0,85.72
2004,9,14,5,30,27.900000000000002,0,0,0,0,0,0,86.87
2004,9,14,6,30,27.8,0,0,0,0,0,0,87.28
2004,9,14,7,30,27.6,0,0,0,0,0,0,88.12
2004,9,14,8,30,27.5,0,0,0,0,0,0,88.10000000000001
2004,9,14,9,30,27.400000000000002,0,0,0,0,0,0,88
2004,9,14,10,30,27.400000000000002,0,0,0,0,0,0,87.37
2004,9,14,11,30,27.400000000000002,0,0,0,0,0,0,86.57000000000001
2004,9,14,12,30,27.5,0,0,0,0,0,0,85.3
2004,9,14,13,30,27.8,365,96,41,6,65,66,84.64
2004,9,14,14,30,28.3,646,319,73,646,73,319,82.09
2004,9,14,15,30,28.700000000000003,773,543,89,773,89,543,79.94
2004,9,14,16,30,28.900000000000002,840,733,97,840,97,733,79.05
2004,9,14,17,30,29.1,878,870,101,878,101,870,78.61
2004,9,14,18,30,29.200000000000003,849,929,133,849,133,929,78.83
2004,9,14,19,30,29.3,854,929,130,854,130,929,78.92
2004,9,14,20,30,29.3,842,856,123,842,123,856,79.39
2004,9,14,21,30,29.200000000000003,779,712,127,779,127,712,80
2004,9,14,22,30,29.1,713,522,110,713,110,522,80.45
2004,9,14,23,30,29,580,299,85,580,85,299,81.12
2004,9,15,0,30,28.700000000000003,284,82,44,284,44,82,83.55
2004,9,15,1,30,28.5,0,0,0,0,0,0,84.81
2004,9,15,2,30,28.400000000000002,0,0,0,0,0,0,84.78
2004,9,15,3,30,28.3,0,0,0,0,0,0,84.93
2004,9,15,4,30,28.3,0,0,0,0,0,0,84.47
2004,9,15,5,30,28.200000000000003,0,0,0,0,0,0,84.48
2004,9,15,6,30,28,0,0,0,0,0,0,85.11
2004,9,15,7,30,27.900000000000002,0,0,0,0,0,0,85.43
2004,9,15,8,30,27.700000000000003,0,0,0,0,0,0,86.16
2004,9,15,9,30,27.6,0,0,0,0,0,0,86.17
2004,9,15,10,30,27.5,0,0,0,0,0,0,86.04
2004,9,15,11,30,27.5,0,0,0,0,0,0,85.49
2004,9,15,12,30,27.6,0,0,0,0,0,0,84.91
2004,9,15,13,30,27.900000000000002,340,93,43,3,44,44,84.82000000000001
2004,9,15,14,30,28.400000000000002,628,315,77,7,97,100,83.08
2004,9,15,15,30,28.8,757,539,94,426,166,416,80.64
2004,9,15,16,30,29.3,826,728,104,77,319,377,77
2004,9,15,17,30,29.8,861,864,111,3,228,231,73.34
2004,9,15,18,30,30,869,931,119,316,393,689,71.95
2004,9,15,19,30,30,867,929,120,616,213,788,72.38
2004,9,15,20,30,29.8,845,853,119,668,193,773,74.34
2004,9,15,21,30,29.400000000000002,771,705,130,335,341,591,77.27
2004,9,15,22,30,29,689,513,118,689,118,513,80.19
2004,9,15,23,30,28.6,544,291,93,192,177,247,82.73
2004,9,16,0,30,28.3,242,77,45,242,45,77,84.8
2004,9,16,1,30,28,0,0,0,0,0,0,86.48
2004,9,16,2,30,27.8,0,0,0,0,0,0,86.75
2004,9,16,3,30,27.8,0,0,0,0,0,0,85.76
2004,9,16,4,30,27.8,0,0,0,0,0,0,85.27
2004,9,16,5,30,27.8,0,0,0,0,0,0,85.56
2004,9,16,6,30,27.700000000000003,0,0,0,0,0,0,86.85000000000001
2004,9,16,7,30,27.700000000000003,0,0,0,0,0,0,88.06
2004,9,16,8,30,27.700000000000003,0,0,0,0,0,0,89.27
2004,9,16,9,30,27.8,0,0,0,0,0,0,89.36
2004,9,16,10,30,27.8,0,0,0,0,0,0,89.45
2004,9,16,11,30,27.900000000000002,0,0,0,0,0,0,88.72
2004,9,16,12,30,28.1,0,0,0,0,0,0,87.36
2004,9,16,13,30,28.3,255,87,50,0,6,6,86.91
2004,9,16,14,30,28.700000000000003,553,304,95,0,5,5,85.5
2004,9,16,15,30,28.900000000000002,690,524,120,0,22,22,84.36
2004,9,16,16,30,29,757,710,139,0,77,77,83.66
2004,9,16,17,30,29,796,844,149,32,351,378,83.42
2004,9,16,18,30,29,814,913,154,311,374,664,83.26
2004,9,16,19,30,28.900000000000002,811,910,155,458,310,737,83.94
2004,9,16,20,30,28.900000000000002,785,834,154,785,154,834,83.93
2004,9,16,21,30,28.8,750,697,140,130,380,476,84.34
2004,9,16,22,30,28.700000000000003,672,507,123,293,236,403,84.69
2004,9,16,23,30,28.6,527,285,95,333,148,268,84.98
2004,9,17,0,30,28.400000000000002,215,73,45,9,53,54,85.99
2004,9,17,1,30,28.200000000000003,0,0,0,0,0,0,86.58
2004,9,17,2,30,28.200000000000003,0,0,0,0,0,0,85.92
2004,9,17,3,30,28.1,0,0,0,0,0,0,86.16
2004,9,17,4,30,28,0,0,0,0,0,0,86.82000000000001
2004,9,17,5,30,27.900000000000002,0,0,0,0,0,0,87.38
2004,9,17,6,30,27.700000000000003,0,0,0,0,0,0,88.32000000000001
2004,9,17,7,30,27.6,0,0,0,0,0,0,88.83
2004,9,17,8,30,27.5,0,0,0,0,0,0,89.23
2004,9,17,9,30,27.400000000000002,0,0,0,0,0,0,89.65
2004,9,17,10,30,27.400000000000002,0,0,0,0,0,0,89.57000000000001
2004,9,17,11,30,27.3,0,0,0,0,0,0,89.96000000000001
2004,9,17,12,30,27.400000000000002,0,0,0,0,0,0,89.28
2004,9,17,13,30,27.5,339,91,42,0,3,3,88.95
2004,9,17,14,30,27.6,632,313,75,0,7,7,88.93
2004,9,17,15,30,27.8,756,535,94,0,11,11,87.79
2004,9,17,16,30,27.900000000000002,825,725,103,1,114,115,86.91
2004,9,17,17,30,28,865,861,108,83,366,438,85.69
2004,9,17,18,30,28.1,888,933,106,630,211,797,83.99
2004,9,17,19,30,28.200000000000003,889,931,106,653,181,788,82.46000000000001
2004,9,17,20,30,28.200000000000003,873,856,103,873,103,856,81.87
2004,9,17,21,30,28.3,761,698,135,761,135,698,81.02
2004,9,17,22,30,28.200000000000003,674,504,122,674,122,504,81.43
2004,9,17,23,30,28,510,280,98,510,98,280,82.62
2004,9,18,0,30,27.8,187,69,46,187,46,69,84.62
2004,9,18,1,30,27.6,0,0,0,0,0,0,86.56
2004,9,18,2,30,27.6,0,0,0,0,0,0,87.02
2004,9,18,3,30,27.6,0,0,0,0,0,0,87.37
2004,9,18,4,30,27.5,0,0,0,0,0,0,88.2
2004,9,18,5,30,27.5,0,0,0,0,0,0,88.67
2004,9,18,6,30,27.5,0,0,0,0,0,0,89.01
2004,9,18,7,30,27.400000000000002,0,0,0,0,0,0,89.83
2004,9,18,8,30,27.3,0,0,0,0,0,0,90.81
2004,9,18,9,30,27.200000000000003,0,0,0,0,0,0,92.03
2004,9,18,10,30,27.1,0,0,0,0,0,0,92.95
2004,9,18,11,30,27.1,0,0,0,0,0,0,93
2004,9,18,12,30,27,0,0,0,0,0,0,92.96000000000001
2004,9,18,13,30,27.1,307,89,45,0,3,3,91.73
2004,9,18,14,30,27.3,634,313,75,0,12,12,89.51
2004,9,18,15,30,27.5,774,538,87,0,139,139,87.56
2004,9,18,16,30,27.700000000000003,843,728,95,101,355,431,86.06
2004,9,18,17,30,28,879,864,100,8,347,354,84.27
2004,9,18,18,30,28.200000000000003,885,930,108,885,108,930,83.14
2004,9,18,19,30,28.3,885,927,107,142,425,556,82.89
2004,9,18,20,30,28.200000000000003,867,850,105,597,208,722,83.81
2004,9,18,21,30,28,826,709,100,3,269,271,84.83
2004,9,18,22,30,27.8,753,515,90,21,232,243,85.68
2004,9,18,23,30,27.5,612,289,73,15,156,161,86.72
2004,9,19,0,30,27.200000000000003,288,72,37,8,47,48,88.05
2004,9,19,1,30,27,0,0,0,0,0,0,89.38
2004,9,19,2,30,26.8,0,0,0,0,0,0,90.27
2004,9,19,3,30,26.700000000000003,0,0,0,0,0,0,90.62
2004,9,19,4,30,26.6,0,0,0,0,0,0,91
2004,9,19,5,30,26.5,0,0,0,0,0,0,91.55
2004,9,19,6,30,26.400000000000002,0,0,0,0,0,0,92.22
2004,9,19,7,30,26.400000000000002,0,0,0,0,0,0,92.34
2004,9,19,8,30,26.400000000000002,0,0,0,0,0,0,92.18
2004,9,19,9,30,26.400000000000002,0,0,0,0,0,0,91.94
2004,9,19,10,30,26.400000000000002,0,0,0,0,0,0,91.76
2004,9,19,11,30,26.400000000000002,0,0,0,0,0,0,91.29
2004,9,19,12,30,26.5,0,0,0,0,0,0,89.78
2004,9,19,13,30,26.700000000000003,341,90,42,17,67,70,88.08
2004,9,19,14,30,27.1,645,314,72,645,72,314,84.48
2004,9,19,15,30,27.6,777,538,87,0,81,81,81.88
2004,9,19,16,30,28.1,847,729,94,847,94,729,79.72
2004,9,19,17,30,28.400000000000002,883,864,98,883,98,864,79.18
2004,9,19,18,30,28.6,870,925,118,870,118,925,79.49
2004,9,19,19,30,28.700000000000003,867,920,120,867,120,920,80.15
2004,9,19,20,30,28.6,848,844,117,848,117,844,81.54
2004,9,19,21,30,28.5,780,696,124,780,124,696,82.35000000000001
2004,9,19,22,30,28.200000000000003,700,503,110,700,110,503,83.92
2004,9,19,23,30,28,553,279,86,553,86,279,85.04
2004,9,20,0,30,27.700000000000003,224,66,40,224,40,66,86.78
2004,9,20,1,30,27.5,0,0,0,0,0,0,88.11
2004,9,20,2,30,27.400000000000002,0,0,0,0,0,0,88.77
2004,9,20,3,30,27.3,0,0,0,0,0,0,89.31
2004,9,20,4,30,27.3,0,0,0,0,0,0,89.24
2004,9,20,5,30,27.200000000000003,0,0,0,0,0,0,89.64
2004,9,20,6,30,27.1,0,0,0,0,0,0,90.01
2004,9,20,7,30,27,0,0,0,0,0,0,90.28
2004,9,20,8,30,26.900000000000002,0,0,0,0,0,0,90.52
2004,9,20,9,30,26.8,0,0,0,0,0,0,90.96000000000001
2004,9,20,10,30,26.8,0,0,0,0,0,0,91.25
2004,9,20,11,30,26.900000000000002,0,0,0,0,0,0,91.02
2004,9,20,12,30,27,0,0,0,0,0,0,90.48
2004,9,20,13,30,27.400000000000002,330,89,42,0,3,3,88.94
2004,9,20,14,30,27.900000000000002,623,309,77,623,77,309,86.87
2004,9,20,15,30,28.400000000000002,752,532,95,752,95,532,84.13
2004,9,20,16,30,28.6,822,721,106,822,106,721,82.97
2004,9,20,17,30,28.700000000000003,862,856,110,862,110,856,82.69
2004,9,20,18,30,28.700000000000003,872,923,118,488,357,808,83.33
2004,9,20,19,30,28.6,877,921,115,317,430,721,84.46000000000001
2004,9,20,20,30,28.6,864,846,108,83,391,462,84.84
2004,9,20,21,30,28.400000000000002,816,702,106,233,358,528,86.04
2004,9,20,22,30,28.200000000000003,743,507,94,342,243,433,87.02
2004,9,20,23,30,28,601,282,74,118,172,213,87.8
2004,9,21,0,30,27.8,273,66,36,0,8,8,89.02
2004,9,21,1,30,27.6,0,0,0,0,0,0,89.73
2004,9,21,2,30,27.5,0,0,0,0,0,0,89.88
2004,9,21,3,30,27.400000000000002,0,0,0,0,0,0,89.8
2004,9,21,4,30,27.400000000000002,0,0,0,0,0,0,88.91
2004,9,21,5,30,27.3,0,0,0,0,0,0,88.51
2004,9,21,6,30,27.200000000000003,0,0,0,0,0,0,88.18
2004,9,21,7,30,27.1,0,0,0,0,0,0,87.76
2004,9,21,8,30,27,0,0,0,0,0,0,87.32000000000001
2004,9,21,9,30,26.900000000000002,0,0,0,0,0,0,86.44
2004,9,21,10,30,26.8,0,0,0,0,0,0,85.72
2004,9,21,11,30,26.700000000000003,0,0,0,0,0,0,85.53
2004,9,21,12,30,26.6,0,0,0,0,0,0,85.43
2004,9,21,13,30,26.700000000000003,342,89,41,0,3,3,84.93
2004,9,21,14,30,27,637,310,73,3,92,93,82.85000000000001
2004,9,21,15,30,27.200000000000003,767,534,90,378,201,420,81.23
2004,9,21,16,30,27.5,837,723,99,837,99,723,79.41
2004,9,21,17,30,27.700000000000003,875,858,102,875,102,858,78.74
2004,9,21,18,30,27.900000000000002,891,926,104,891,104,926,78.5
2004,9,21,19,30,28.1,891,921,103,891,103,921,78.53
2004,9,21,20,30,28.1,873,844,101,873,101,844,79.47
2004,9,21,21,30,28.1,816,698,104,816,104,698,80.2
2004,9,21,22,30,28,742,503,93,742,93,503,81.16
2004,9,21,23,30,27.8,601,278,73,601,73,278,82.55
2004,9,22,0,30,27.6,270,64,34,1,41,41,84.52
2004,9,22,1,30,27.400000000000002,0,0,0,0,0,0,86.14
2004,9,22,2,30,27.400000000000002,0,0,0,0,0,0,86.05
2004,9,22,3,30,27.3,0,0,0,0,0,0,86.36
2004,9,22,4,30,27.200000000000003,0,0,0,0,0,0,86.57000000000001
2004,9,22,5,30,27.1,0,0,0,0,0,0,86.74
2004,9,22,6,30,27,0,0,0,0,0,0,86.99
2004,9,22,7,30,26.900000000000002,0,0,0,0,0,0,87.44
2004,9,22,8,30,26.700000000000003,0,0,0,0,0,0,88.52
2004,9,22,9,30,26.6,0,0,0,0,0,0,88.71000000000001
2004,9,22,10,30,26.5,0,0,0,0,0,0,88.76
2004,9,22,11,30,26.5,0,0,0,0,0,0,88.19
2004,9,22,12,30,26.5,0,0,0,0,0,0,87.68
2004,9,22,13,30,26.6,345,88,40,0,23,23,87.3
2004,9,22,14,30,26.900000000000002,641,309,72,309,139,253,85.98
2004,9,22,15,30,27,770,532,88,12,170,177,85.45
2004,9,22,16,30,27.200000000000003,837,721,97,0,60,60,84.02
2004,9,22,17,30,27.3,873,854,103,4,243,247,83.32000000000001
2004,9,22,18,30,27.400000000000002,867,916,119,97,411,500,82.82000000000001
2004,9,22,19,30,27.400000000000002,868,911,117,386,335,689,82.77
2004,9,22,20,30,27.3,851,835,113,375,325,643,83.10000000000001
2004,9,22,21,30,27.200000000000003,757,680,133,445,238,560,83.8
2004,9,22,22,30,27.1,682,488,114,218,271,391,84.93
2004,9,22,23,30,26.900000000000002,535,266,86,286,137,234,86.62
2004,9,23,0,30,26.8,200,58,37,3,38,39,87.85000000000001
2004,9,23,1,30,26.6,0,0,0,0,0,0,90.02
2004,9,23,2,30,26.6,0,0,0,0,0,0,90.57000000000001
2004,9,23,3,30,26.6,0,0,0,0,0,0,90.78
2004,9,23,4,30,26.5,0,0,0,0,0,0,91.23
2004,9,23,5,30,26.5,0,0,0,0,0,0,91.07000000000001
2004,9,23,6,30,26.400000000000002,0,0,0,0,0,0,91.39
2004,9,23,7,30,26.400000000000002,0,0,0,0,0,0,91.28
2004,9,23,8,30,26.3,0,0,0,0,0,0,91.83
2004,9,23,9,30,26.3,0,0,0,0,0,0,91.98
2004,9,23,10,30,26.400000000000002,0,0,0,0,0,0,91.65
2004,9,23,11,30,26.400000000000002,0,0,0,0,0,0,91.89
2004,9,23,12,30,26.5,0,0,0,0,0,0,91.55
2004,9,23,13,30,26.700000000000003,321,86,42,0,19,19,91.32000000000001
2004,9,23,14,30,27.1,619,305,77,7,99,102,89.68
2004,9,23,15,30,27.3,746,526,97,594,140,482,88.77
2004,9,23,16,30,27.5,811,713,110,609,163,616,87.42
2004,9,23,17,30,27.6,841,844,121,551,225,699,86.96000000000001
2004,9,23,18,30,27.5,844,907,133,634,232,814,87.62
2004,9,23,19,30,27.400000000000002,837,899,136,655,217,814,88.51
2004,9,23,20,30,27.3,813,821,134,813,134,821,89.09
2004,9,23,21,30,27.200000000000003,774,680,123,774,123,680,89.85000000000001
2004,9,23,22,30,27.1,692,486,109,692,109,486,90.91
2004,9,23,23,30,27,541,264,83,541,83,264,91.94
2004,9,24,0,30,26.900000000000002,202,55,35,0,36,36,92.98
2004,9,24,1,30,26.8,0,0,0,0,0,0,93.82000000000001
2004,9,24,2,30,26.8,0,0,0,0,0,0,93.84
2004,9,24,3,30,26.700000000000003,0,0,0,0,0,0,94.11
2004,9,24,4,30,26.700000000000003,0,0,0,0,0,0,93.54
2004,9,24,5,30,26.6,0,0,0,0,0,0,93.35000000000001
2004,9,24,6,30,26.400000000000002,0,0,0,0,0,0,93.49
2004,9,24,7,30,26.200000000000003,0,0,0,0,0,0,93.55
2004,9,24,8,30,26.1,0,0,0,0,0,0,92.99
2004,9,24,9,30,26,0,0,0,0,0,0,92.46000000000001
2004,9,24,10,30,26,0,0,0,0,0,0,91.26
2004,9,24,11,30,25.900000000000002,0,0,0,0,0,0,90.44
2004,9,24,12,30,26,0,0,0,0,0,0,89.24
2004,9,24,13,30,26.200000000000003,339,86,40,5,59,60,88.66
2004,9,24,14,30,26.6,645,308,71,0,96,96,86.35000000000001
2004,9,24,15,30,27.1,779,533,86,169,287,383,83.17
2004,9,24,16,30,27.700000000000003,848,722,94,255,355,544,79.82000000000001
2004,9,24,17,30,28.400000000000002,884,856,99,385,369,699,75.39
2004,9,24,18,30,29,908,926,95,190,446,620,71.05
2004,9,24,19,30,29.5,906,920,96,633,202,778,67.26
2004,9,24,20,30,29.700000000000003,889,842,94,889,94,842,64.74
2004,9,24,21,30,29.8,833,694,98,833,98,694,63.68
2004,9,24,22,30,29.700000000000003,760,499,87,760,87,499,64.68
2004,9,24,23,30,29.400000000000002,613,271,69,613,69,271,67.69
2004,9,25,0,30,28.8,267,57,31,267,31,57,73.8
2004,9,25,1,30,28.400000000000002,0,0,0,0,0,0,78.22
2004,9,25,2,30,28.200000000000003,0,0,0,0,0,0,79.67
2004,9,25,3,30,28,0,0,0,0,0,0,81.18
2004,9,25,4,30,27.8,0,0,0,0,0,0,82.62
2004,9,25,5,30,27.700000000000003,0,0,0,0,0,0,83.24
2004,9,25,6,30,27.700000000000003,0,0,0,0,0,0,83.12
2004,9,25,7,30,27.6,0,0,0,0,0,0,82.76
2004,9,25,8,30,27.6,0,0,0,0,0,0,82.19
2004,9,25,9,30,27.5,0,0,0,0,0,0,82.34
2004,9,25,10,30,27.400000000000002,0,0,0,0,0,0,82.23
2004,9,25,11,30,27.400000000000002,0,0,0,0,0,0,81.4
2004,9,25,12,30,27.3,0,0,0,0,0,0,80.9
2004,9,25,13,30,27.6,261,82,46,3,44,45,79.73
2004,9,25,14,30,28,555,297,93,6,137,139,77.61
2004,9,25,15,30,28.400000000000002,697,517,118,528,186,489,75.29
2004,9,25,16,30,28.6,773,704,133,773,133,704,74.51
2004,9,25,17,30,28.8,816,838,140,410,372,723,74.05
2004,9,25,18,30,28.900000000000002,872,914,118,872,118,914,73.94
2004,9,25,19,30,28.900000000000002,875,909,116,659,216,814,74.3
2004,9,25,20,30,28.8,859,831,110,527,311,753,75.2
2004,9,25,21,30,28.700000000000003,841,691,92,452,282,604,76.10000000000001
2004,9,25,22,30,28.6,771,496,81,771,81,496,76.87
2004,9,25,23,30,28.400000000000002,631,269,63,631,63,269,78.32000000000001
2004,9,26,0,30,28.1,286,55,28,286,28,55,80.99
2004,9,26,1,30,27.900000000000002,0,0,0,0,0,0,82.8
2004,9,26,2,30,27.8,0,0,0,0,0,0,82.53
2004,9,26,3,30,27.700000000000003,0,0,0,0,0,0,82.79
2004,9,26,4,30,27.6,0,0,0,0,0,0,83.47
2004,9,26,5,30,27.5,0,0,0,0,0,0,84.12
2004,9,26,6,30,27.3,0,0,0,0,0,0,84.93
2004,9,26,7,30,27.1,0,0,0,0,0,0,85.08
2004,9,26,8,30,27,0,0,0,0,0,0,84.52
2004,9,26,9,30,26.900000000000002,0,0,0,0,0,0,83.9
2004,9,26,10,30,26.8,0,0,0,0,0,0,83.60000000000001
2004,9,26,11,30,26.8,0,0,0,0,0,0,82.98
2004,9,26,12,30,26.8,0,0,0,0,0,0,82.48
2004,9,26,13,30,27.200000000000003,421,90,33,5,58,59,81.19
2004,9,26,14,30,27.8,700,315,59,204,168,243,77.67
2004,9,26,15,30,28.400000000000002,819,539,71,819,71,539,74.71000000000001
2004,9,26,16,30,28.8,880,727,79,880,79,727,72.39
2004,9,26,17,30,29.1,913,861,83,913,83,861,70.66
2004,9,26,18,30,29.400000000000002,916,926,93,916,93,926,69.10000000000001
2004,9,26,19,30,29.6,917,920,91,917,91,920,68.07000000000001
2004,9,26,20,30,29.6,904,841,87,904,87,841,68.26
2004,9,26,21,30,29.5,830,688,100,830,100,688,69.77
2004,9,26,22,30,29.3,754,491,88,754,88,491,72.22
2004,9,26,23,30,28.900000000000002,605,264,69,605,69,264,75.4
2004,9,27,0,30,28.400000000000002,248,51,29,248,29,51,80.11
2004,9,27,1,30,28,0,0,0,0,0,0,83.79
2004,9,27,2,30,27.900000000000002,0,0,0,0,0,0,84.7
2004,9,27,3,30,27.8,0,0,0,0,0,0,84.98
2004,9,27,4,30,27.700000000000003,0,0,0,0,0,0,84.88
2004,9,27,5,30,27.6,0,0,0,0,0,0,84.65
2004,9,27,6,30,27.5,0,0,0,0,0,0,84.35000000000001
2004,9,27,7,30,27.400000000000002,0,0,0,0,0,0,84.17
2004,9,27,8,30,27.200000000000003,0,0,0,0,0,0,84.46000000000001
2004,9,27,9,30,27.200000000000003,0,0,0,0,0,0,83.58
2004,9,27,10,30,27.1,0,0,0,0,0,0,82.98
2004,9,27,11,30,27,0,0,0,0,0,0,82.44
2004,9,27,12,30,27.1,0,0,0,0,0,0,81
2004,9,27,13,30,27.5,377,87,36,5,58,58,79.49
2004,9,27,14,30,28.1,669,310,67,91,184,217,76.39
2004,9,27,15,30,28.700000000000003,795,534,81,795,81,534,73.03
2004,9,27,16,30,29.1,860,722,90,860,90,722,70.75
2004,9,27,17,30,29.400000000000002,897,857,94,897,94,857,69.24
2004,9,27,18,30,29.6,883,916,114,883,114,916,69.05
2004,9,27,19,30,29.6,885,910,113,885,113,910,69.76
2004,9,27,20,30,29.5,867,830,109,867,109,830,70.87
2004,9,27,21,30,29.400000000000002,835,687,98,835,98,687,71.65
2004,9,27,22,30,29.200000000000003,760,489,86,760,86,489,72.73
2004,9,27,23,30,29,610,262,67,610,67,262,73.53
2004,9,28,0,30,28.6,248,49,28,248,28,49,76.09
2004,9,28,1,30,28.3,0,0,0,0,0,0,79.01
2004,9,28,2,30,28.200000000000003,0,0,0,0,0,0,79.37
2004,9,28,3,30,28.200000000000003,0,0,0,0,0,0,78.99
2004,9,28,4,30,28.1,0,0,0,0,0,0,78.87
2004,9,28,5,30,28.1,0,0,0,0,0,0,78.33
2004,9,28,6,30,28.1,0,0,0,0,0,0,77.71000000000001
2004,9,28,7,30,28,0,0,0,0,0,0,77.48
2004,9,28,8,30,27.900000000000002,0,0,0,0,0,0,77.43
2004,9,28,9,30,27.8,0,0,0,0,0,0,77.5
2004,9,28,10,30,27.700000000000003,0,0,0,0,0,0,77.63
2004,9,28,11,30,27.6,0,0,0,0,0,0,77.82000000000001
2004,9,28,12,30,27.6,0,0,0,0,0,0,77.64
2004,9,28,13,30,27.900000000000002,358,86,38,358,38,86,77.39
2004,9,28,14,30,28.5,663,310,70,663,70,310,75.16
2004,9,28,15,30,29,794,536,85,794,85,536,74.04
2004,9,28,16,30,29.3,860,725,95,860,95,725,74.86
2004,9,28,17,30,29.6,896,860,100,896,100,860,75.59
2004,9,28,18,30,29.700000000000003,906,924,105,906,105,924,76.89
2004,9,28,19,30,29.700000000000003,906,918,105,906,105,918,78.01
2004,9,28,20,30,29.700000000000003,889,837,101,889,101,837,78.46000000000001
2004,9,28,21,30,29.700000000000003,824,685,107,824,107,685,78
2004,9,28,22,30,29.6,753,489,92,753,92,489,77.17
2004,9,28,23,30,29.400000000000002,607,260,69,607,69,260,76.59
2004,9,29,0,30,29,245,47,27,245,27,47,77.97
2004,9,29,1,30,28.700000000000003,0,0,0,0,0,0,78.42
2004,9,29,2,30,28.6,0,0,0,0,0,0,77.02
2004,9,29,3,30,28.6,0,0,0,0,0,0,75.4
2004,9,29,4,30,28.5,0,0,0,0,0,0,74.32000000000001
2004,9,29,5,30,28.400000000000002,0,0,0,0,0,0,73.51
2004,9,29,6,30,28.3,0,0,0,0,0,0,72.86
2004,9,29,7,30,28.200000000000003,0,0,0,0,0,0,72.59
2004,9,29,8,30,28.1,0,0,0,0,0,0,72.28
2004,9,29,9,30,27.900000000000002,0,0,0,0,0,0,72.82000000000001
2004,9,29,10,30,27.700000000000003,0,0,0,0,0,0,74.04
2004,9,29,11,30,27.5,0,0,0,0,0,0,75.47
2004,9,29,12,30,27.5,0,0,0,0,0,0,76.06
2004,9,29,13,30,28,363,86,38,363,38,86,75.76
2004,9,29,14,30,28.700000000000003,662,310,71,662,71,310,74.23
2004,9,29,15,30,29.200000000000003,792,536,88,792,88,536,72.07000000000001
2004,9,29,16,30,29.6,859,726,98,859,98,726,70.14
2004,9,29,17,30,29.8,896,861,103,896,103,861,70.09
2004,9,29,18,30,29.900000000000002,914,928,103,914,103,928,70.73
2004,9,29,19,30,29.900000000000002,913,919,103,913,103,919,71.68
2004,9,29,20,30,29.8,895,839,100,895,100,839,72.38
2004,9,29,21,30,29.700000000000003,860,692,91,860,91,692,72.71000000000001
2004,9,29,22,30,29.6,789,492,80,789,80,492,72.88
2004,9,29,23,30,29.3,643,261,61,643,61,261,73.99
2004,9,30,0,30,28.8,265,46,25,265,25,46,77.05
2004,9,30,1,30,28.5,0,0,0,0,0,0,78.57000000000001
2004,9,30,2,30,28.3,0,0,0,0,0,0,79.25
2004,9,30,3,30,28.200000000000003,0,0,0,0,0,0,79.31
2004,9,30,4,30,28.1,0,0,0,0,0,0,79.34
2004,9,30,5,30,28,0,0,0,0,0,0,79.29
2004,9,30,6,30,27.900000000000002,0,0,0,0,0,0,79.15
2004,9,30,7,30,27.700000000000003,0,0,0,0,0,0,79.25
2004,9,30,8,30,27.6,0,0,0,0,0,0,78.86
2004,9,30,9,30,27.5,0,0,0,0,0,0,79.02
2004,9,30,10,30,27.3,0,0,0,0,0,0,80.33
2004,9,30,11,30,27.200000000000003,0,0,0,0,0,0,81.32000000000001
2004,9,30,12,30,27.200000000000003,0,0,0,0,0,0,81.73
2004,9,30,13,30,27.700000000000003,365,85,38,365,38,85,80.59
2004,9,30,14,30,28.3,673,310,68,673,68,310,78.61
2004,9,30,15,30,28.8,803,537,84,803,84,537,75.85000000000001
2004,9,30,16,30,29.200000000000003,869,727,93,869,93,727,73.05
2004,9,30,17,30,29.5,907,861,97,907,97,861,70.58
2004,9,30,18,30,29.700000000000003,926,929,97,926,97,929,69.29
2004,9,30,19,30,29.8,931,923,93,931,93,923,69.13
2004,9,30,20,30,29.900000000000002,918,843,89,918,89,843,69.55
2004,9,30,21,30,29.8,867,692,90,867,90,692,70.53
2004,9,30,22,30,29.700000000000003,799,492,77,799,77,492,71.34
2004,9,30,23,30,29.3,659,261,59,659,59,261,73.4
2004,10,1,0,30,28.8,283,45,24,283,24,45,77.15
2004,10,1,1,30,28.400000000000002,0,0,0,0,0,0,79.54
2004,10,1,2,30,28.200000000000003,0,0,0,0,0,0,79.52
2004,10,1,3,30,28.1,0,0,0,0,0,0,79.16
2004,10,1,4,30,28,0,0,0,0,0,0,78.84
2004,10,1,5,30,27.900000000000002,0,0,0,0,0,0,78.42
2004,10,1,6,30,27.700000000000003,0,0,0,0,0,0,78.52
2004,10,1,7,30,27.6,0,0,0,0,0,0,78.14
2004,10,1,8,30,27.5,0,0,0,0,0,0,77.60000000000001
2004,10,1,9,30,27.400000000000002,0,0,0,0,0,0,77.09
2004,10,1,10,30,27.400000000000002,0,0,0,0,0,0,76
2004,10,1,11,30,27.400000000000002,0,0,0,0,0,0,74.82000000000001
2004,10,1,12,30,27.5,0,0,0,0,0,0,73.26
2004,10,1,13,30,28.1,380,84,35,380,35,84,71.25
2004,10,1,14,30,28.900000000000002,681,308,65,681,65,308,68.08
2004,10,1,15,30,29.400000000000002,806,533,80,806,80,533,66.07000000000001
2004,10,1,16,30,29.700000000000003,870,721,89,870,89,721,65.57000000000001
2004,10,1,17,30,29.900000000000002,904,854,93,904,93,854,65.28
2004,10,1,18,30,30,918,919,96,918,96,919,65.41
2004,10,1,19,30,30.1,916,909,96,916,96,909,65.43
2004,10,1,20,30,30.1,896,826,93,896,93,826,65.73
2004,10,1,21,30,30.1,840,675,94,840,94,675,66.14
2004,10,1,22,30,29.900000000000002,760,476,84,760,84,476,67.35
2004,10,1,23,30,29.6,603,247,65,603,65,247,69.18
2004,10,2,0,30,29,209,39,24,209,24,39,73.72
2004,10,2,1,30,28.700000000000003,0,0,0,0,0,0,75.92
2004,10,2,2,30,28.6,0,0,0,0,0,0,76.08
2004,10,2,3,30,28.5,0,0,0,0,0,0,76
2004,10,2,4,30,28.400000000000002,0,0,0,0,0,0,75.54
2004,10,2,5,30,28.3,0,0,0,0,0,0,75.15
2004,10,2,6,30,28.200000000000003,0,0,0,0,0,0,74.45
2004,10,2,7,30,28.200000000000003,0,0,0,0,0,0,73.21000000000001
2004,10,2,8,30,28.1,0,0,0,0,0,0,73.01
2004,10,2,9,30,27.900000000000002,0,0,0,0,0,0,74.46000000000001
2004,10,2,10,30,27.8,0,0,0,0,0,0,76.09
2004,10,2,11,30,27.700000000000003,0,0,0,0,0,0,77.18
2004,10,2,12,30,27.900000000000002,0,0,0,0,0,0,76.52
2004,10,2,13,30,28.400000000000002,298,78,40,298,40,78,75.54
2004,10,2,14,30,29.3,612,296,77,612,77,296,71.36
2004,10,2,15,30,30,754,518,95,754,95,518,67.9
2004,10,2,16,30,30.5,829,705,104,829,104,705,65.95
2004,10,2,17,30,30.900000000000002,872,838,107,872,107,838,64.56
2004,10,2,18,30,31.200000000000003,891,904,108,891,108,904,64.01
2004,10,2,19,30,31.3,893,895,105,893,105,895,64.74
2004,10,2,20,30,31.200000000000003,877,815,101,877,101,815,66.39
2004,10,2,21,30,31,828,666,97,828,97,666,68
2004,10,2,22,30,30.6,745,467,86,745,86,467,69.96000000000001
2004,10,2,23,30,30.200000000000003,577,239,67,577,67,239,72.14
2004,10,3,0,30,29.700000000000003,176,35,23,176,23,35,75.64
2004,10,3,1,30,29.400000000000002,0,0,0,0,0,0,77.79
2004,10,3,2,30,29.3,0,0,0,0,0,0,78.26
2004,10,3,3,30,29.3,0,0,0,0,0,0,77.89
2004,10,3,4,30,29.3,0,0,0,0,0,0,77.13
2004,10,3,5,30,29.200000000000003,0,0,0,0,0,0,77.13
2004,10,3,6,30,29.1,0,0,0,0,0,0,77.88
2004,10,3,7,30,28.900000000000002,0,0,0,0,0,0,79.24
2004,10,3,8,30,28.700000000000003,0,0,0,0,0,0,80.66
2004,10,3,9,30,28.5,0,0,0,0,0,0,81.46000000000001
2004,10,3,10,30,28.400000000000002,0,0,0,0,0,0,81.94
2004,10,3,11,30,28.200000000000003,0,0,0,0,0,0,82.46000000000001
2004,10,3,12,30,28.3,0,0,0,0,0,0,80.85000000000001
2004,10,3,13,30,28.8,318,79,39,318,39,79,78.12
2004,10,3,14,30,29.6,647,301,71,647,71,301,73.18
2004,10,3,15,30,30.6,793,527,84,793,84,527,67.41
2004,10,3,16,30,31.5,871,719,89,871,89,719,61.93
2004,10,3,17,30,32.2,913,854,90,913,90,854,58.17
2004,10,3,18,30,32.7,933,920,89,933,89,920,55.730000000000004
2004,10,3,19,30,33,934,910,86,934,86,910,53.730000000000004
2004,10,3,20,30,33,918,828,83,918,83,828,54.300000000000004
2004,10,3,21,30,32.6,869,678,83,869,83,678,57.67
2004,10,3,22,30,32,791,475,74,791,74,475,62.57
2004,10,3,23,30,31.200000000000003,631,244,58,631,58,244,68.75
2004,10,4,0,30,30.3,218,35,21,218,21,35,75.85000000000001
2004,10,4,1,30,29.900000000000002,0,0,0,0,0,0,79.17
2004,10,4,2,30,29.700000000000003,0,0,0,0,0,0,80.2
2004,10,4,3,30,29.700000000000003,0,0,0,0,0,0,79.93
2004,10,4,4,30,29.700000000000003,0,0,0,0,0,0,78.96000000000001
2004,10,4,5,30,29.6,0,0,0,0,0,0,77.89
2004,10,4,6,30,29.5,0,0,0,0,0,0,77.06
2004,10,4,7,30,29.3,0,0,0,0,0,0,77.06
2004,10,4,8,30,29.1,0,0,0,0,0,0,77.02
2004,10,4,9,30,29,0,0,0,0,0,0,76.26
2004,10,4,10,30,28.700000000000003,0,0,0,0,0,0,76.91
2004,10,4,11,30,28.400000000000002,0,0,0,0,0,0,77.65
2004,10,4,12,30,28.200000000000003,0,0,0,0,0,0,77.07000000000001
2004,10,4,13,30,28.400000000000002,390,82,33,390,33,82,75.03
2004,10,4,14,30,29,697,306,60,697,60,306,71.08
2004,10,4,15,30,29.900000000000002,825,532,72,825,72,532,68.26
2004,10,4,16,30,31.1,891,721,79,891,79,721,64.59
2004,10,4,17,30,32.1,926,854,82,926,82,854,59.03
2004,10,4,18,30,32.6,941,918,83,941,83,918,55.2
2004,10,4,19,30,32.800000000000004,941,909,82,941,82,909,52.53
2004,10,4,20,30,32.7,923,825,79,923,79,825,53.64
2004,10,4,21,30,32.4,874,674,80,874,80,674,57.4
2004,10,4,22,30,31.900000000000002,798,473,71,798,71,473,61.79
2004,10,4,23,30,31.200000000000003,642,242,55,642,55,242,67.12
2004,10,5,0,30,30.400000000000002,226,33,20,226,20,33,74.17
2004,10,5,1,30,30,0,0,0,0,0,0,77.47
2004,10,5,2,30,29.900000000000002,0,0,0,0,0,0,78.54
2004,10,5,3,30,29.8,0,0,0,0,0,0,78.98
2004,10,5,4,30,29.700000000000003,0,0,0,0,0,0,79.03
2004,10,5,5,30,29.6,0,0,0,0,0,0,78.91
2004,10,5,6,30,29.5,0,0,0,0,0,0,78.36
2004,10,5,7,30,29.400000000000002,0,0,0,0,0,0,77.95
2004,10,5,8,30,29.200000000000003,0,0,0,0,0,0,78.32000000000001
2004,10,5,9,30,29.1,0,0,0,0,0,0,78.41
2004,10,5,10,30,29,0,0,0,0,0,0,78.62
2004,10,5,11,30,28.8,0,0,0,0,0,0,79.18
2004,10,5,12,30,28.700000000000003,0,0,0,0,0,0,78.75
2004,10,5,13,30,28.900000000000002,362,79,35,362,35,79,77.18
2004,10,5,14,30,29.3,679,301,63,679,63,301,73.73
2004,10,5,15,30,30,813,526,75,813,75,526,69.25
2004,10,5,16,30,30.900000000000002,883,715,81,883,81,715,64.71000000000001
2004,10,5,17,30,31.700000000000003,919,847,83,919,83,847,59.58
2004,10,5,18,30,32.2,935,910,83,935,83,910,56.5
2004,10,5,19,30,32.300000000000004,933,900,83,496,336,769,55.85
2004,10,5,20,30,32.1,914,815,81,914,81,815,58.43
2004,10,5,21,30,31.700000000000003,850,662,87,346,303,537,62.17
2004,10,5,22,30,31.200000000000003,769,461,77,302,224,375,66.65
2004,10,5,23,30,30.6,604,233,59,3,119,120,71.85000000000001
2004,10,6,0,30,30,178,30,20,1,20,20,77.35000000000001
2004,10,6,1,30,29.700000000000003,0,0,0,0,0,0,79.67
2004,10,6,2,30,29.6,0,0,0,0,0,0,79.65
2004,10,6,3,30,29.6,0,0,0,0,0,0,78.4
2004,10,6,4,30,29.400000000000002,0,0,0,0,0,0,78.26
2004,10,6,5,30,29.200000000000003,0,0,0,0,0,0,78.87
2004,10,6,6,30,28.900000000000002,0,0,0,0,0,0,80.89
2004,10,6,7,30,28.700000000000003,0,0,0,0,0,0,83.06
2004,10,6,8,30,28.5,0,0,0,0,0,0,84.93
2004,10,6,9,30,28.400000000000002,0,0,0,0,0,0,85.83
2004,10,6,10,30,28.400000000000002,0,0,0,0,0,0,85.94
2004,10,6,11,30,28.3,0,0,0,0,0,0,86.33
2004,10,6,12,30,28.3,0,0,0,0,0,0,86.01
2004,10,6,13,30,28.3,266,72,40,1,35,35,86.06
2004,10,6,14,30,28.6,595,287,78,83,145,174,86.2
2004,10,6,15,30,28.8,746,508,95,642,129,485,84.55
2004,10,6,16,30,28.900000000000002,825,694,103,825,103,694,83.11
2004,10,6,17,30,29.1,869,826,106,869,106,826,80.57000000000001
2004,10,6,18,30,29.200000000000003,890,889,105,890,105,889,78.59
2004,10,6,19,30,29.1,892,880,102,892,102,880,78.14
2004,10,6,20,30,29.1,877,798,96,877,96,798,77.88
2004,10,6,21,30,28.900000000000002,822,648,96,822,96,648,79.18
2004,10,6,22,30,28.700000000000003,738,450,84,738,84,450,81.2
2004,10,6,23,30,28.5,568,225,63,568,63,225,83.57000000000001
2004,10,7,0,30,28.200000000000003,147,27,19,147,19,27,86.51
2004,10,7,1,30,28.1,0,0,0,0,0,0,87.22
2004,10,7,2,30,28.1,0,0,0,0,0,0,87.11
2004,10,7,3,30,28.1,0,0,0,0,0,0,86.62
2004,10,7,4,30,28,0,0,0,0,0,0,86.14
2004,10,7,5,30,27.900000000000002,0,0,0,0,0,0,85.8
2004,10,7,6,30,27.8,0,0,0,0,0,0,85.93
2004,10,7,7,30,27.700000000000003,0,0,0,0,0,0,86.01
2004,10,7,8,30,27.6,0,0,0,0,0,0,86.60000000000001
2004,10,7,9,30,27.6,0,0,0,0,0,0,86.79
2004,10,7,10,30,27.6,0,0,0,0,0,0,86.42
2004,10,7,11,30,27.6,0,0,0,0,0,0,85.62
2004,10,7,12,30,27.700000000000003,0,0,0,0,0,0,84.27
2004,10,7,13,30,28.1,331,75,35,0,21,21,82.24
2004,10,7,14,30,28.700000000000003,650,293,67,510,34,211,80.36
2004,10,7,15,30,29.200000000000003,785,514,82,112,247,309,77.69
2004,10,7,16,30,29.6,852,699,91,495,203,557,76.29
2004,10,7,17,30,29.900000000000002,887,828,96,887,96,828,75.2
2004,10,7,18,30,29.900000000000002,899,889,99,899,99,889,75.99
2004,10,7,19,30,29.8,896,877,99,896,99,877,77.58
2004,10,7,20,30,29.6,875,794,96,490,215,605,79.62
2004,10,7,21,30,29.400000000000002,796,639,106,796,106,639,80.94
2004,10,7,22,30,29.200000000000003,706,441,93,706,93,441,81.68
2004,10,7,23,30,28.900000000000002,531,217,69,531,69,217,82.99
2004,10,8,0,30,28.6,107,24,19,0,15,15,84.74
2004,10,8,1,30,28.400000000000002,0,0,0,0,0,0,85.73
2004,10,8,2,30,28.3,0,0,0,0,0,0,85.55
2004,10,8,3,30,28.200000000000003,0,0,0,0,0,0,85.38
2004,10,8,4,30,28.1,0,0,0,0,0,0,85.46000000000001
2004,10,8,5,30,28,0,0,0,0,0,0,85.81
2004,10,8,6,30,27.900000000000002,0,0,0,0,0,0,86.35000000000001
2004,10,8,7,30,27.8,0,0,0,0,0,0,86.88
2004,10,8,8,30,27.700000000000003,0,0,0,0,0,0,87.32000000000001
2004,10,8,9,30,27.6,0,0,0,0,0,0,87.38
2004,10,8,10,30,27.400000000000002,0,0,0,0,0,0,88.12
2004,10,8,11,30,27.400000000000002,0,0,0,0,0,0,87.92
2004,10,8,12,30,27.3,0,0,0,0,0,0,88.31
2004,10,8,13,30,27.5,277,71,38,1,47,47,87.89
2004,10,8,14,30,27.900000000000002,602,285,77,602,77,285,86.26
2004,10,8,15,30,28.200000000000003,742,504,96,742,96,504,84.69
2004,10,8,16,30,28.6,813,687,108,813,108,687,82.19
2004,10,8,17,30,28.900000000000002,853,816,115,853,115,816,80.55
2004,10,8,18,30,29,877,880,112,877,112,880,80.29
2004,10,8,19,30,29.200000000000003,878,870,110,440,359,740,80.09
2004,10,8,20,30,29.3,858,787,106,858,106,787,80.17
2004,10,8,21,30,29.3,809,639,100,809,100,639,80.79
2004,10,8,22,30,29.200000000000003,726,441,87,0,48,48,81.8
2004,10,8,23,30,29,551,217,65,551,65,217,83.17
2004,10,9,0,30,28.700000000000003,109,23,18,109,18,23,85.38
2004,10,9,1,30,28.6,0,0,0,0,0,0,86.25
2004,10,9,2,30,28.6,0,0,0,0,0,0,85.96000000000001
2004,10,9,3,30,28.5,0,0,0,0,0,0,85.84
2004,10,9,4,30,28.5,0,0,0,0,0,0,85.13
2004,10,9,5,30,28.400000000000002,0,0,0,0,0,0,85.13
2004,10,9,6,30,28.3,0,0,0,0,0,0,85.22
2004,10,9,7,30,28.200000000000003,0,0,0,0,0,0,85.53
2004,10,9,8,30,28.1,0,0,0,0,0,0,85.67
2004,10,9,9,30,28.1,0,0,0,0,0,0,85.21000000000001
2004,10,9,10,30,28,0,0,0,0,0,0,85.11
2004,10,9,11,30,28,0,0,0,0,0,0,84.2
2004,10,9,12,30,27.900000000000002,0,0,0,0,0,0,83.48
2004,10,9,13,30,28.3,287,72,38,3,40,40,81
2004,10,9,14,30,29,624,290,75,409,126,267,76.34
2004,10,9,15,30,29.700000000000003,768,512,92,246,267,401,72.51
2004,10,9,16,30,30.200000000000003,840,699,103,840,103,699,70.65
2004,10,9,17,30,30.5,877,829,109,877,109,829,70.16
2004,10,9,18,30,30.6,895,892,112,895,112,892,70.82000000000001
2004,10,9,19,30,30.6,893,881,111,893,111,881,71.51
2004,10,9,20,30,30.6,873,797,107,873,107,797,71.83
2004,10,9,21,30,30.5,815,645,106,815,106,645,72.05
2004,10,9,22,30,30.400000000000002,730,445,91,730,91,445,71.88
2004,10,9,23,30,30,554,218,67,554,67,218,72.85000000000001
2004,10,10,0,30,29.400000000000002,104,22,18,104,18,22,76.26
2004,10,10,1,30,29,0,0,0,0,0,0,77.83
2004,10,10,2,30,28.8,0,0,0,0,0,0,77.75
2004,10,10,3,30,28.6,0,0,0,0,0,0,77.83
2004,10,10,4,30,28.5,0,0,0,0,0,0,77.3
2004,10,10,5,30,28.400000000000002,0,0,0,0,0,0,76.55
2004,10,10,6,30,28.200000000000003,0,0,0,0,0,0,76.2
2004,10,10,7,30,28.1,0,0,0,0,0,0,75.4
2004,10,10,8,30,27.900000000000002,0,0,0,0,0,0,75.36
2004,10,10,9,30,27.6,0,0,0,0,0,0,76.15
2004,10,10,10,30,27.400000000000002,0,0,0,0,0,0,76.43
2004,10,10,11,30,27.200000000000003,0,0,0,0,0,0,76.71000000000001
2004,10,10,12,30,27.1,0,0,0,0,0,0,76.47
2004,10,10,13,30,27.5,283,72,39,283,39,72,75.18
2004,10,10,14,30,28.1,640,295,75,163,176,231,72.87
2004,10,10,15,30,28.6,788,521,91,788,91,521,70.03
2004,10,10,16,30,29,865,711,99,865,99,711,67.96000000000001
2004,10,10,17,30,29.3,908,845,102,908,102,845,66.37
2004,10,10,18,30,29.6,927,908,102,927,102,908,65.14
2004,10,10,19,30,29.700000000000003,929,898,100,929,100,898,64.94
2004,10,10,20,30,29.700000000000003,912,813,95,912,95,813,65.36
2004,10,10,21,30,29.700000000000003,851,657,97,374,304,550,65.81
2004,10,10,22,30,29.6,769,454,84,769,84,454,66.45
2004,10,10,23,30,29.3,591,222,63,108,142,171,67.76
2004,10,11,0,30,28.700000000000003,111,21,17,111,17,21,72.03
2004,10,11,1,30,28.400000000000002,0,0,0,0,0,0,73.83
2004,10,11,2,30,28.3,0,0,0,0,0,0,72.78
2004,10,11,3,30,28.200000000000003,0,0,0,0,0,0,71.54
2004,10,11,4,30,28.1,0,0,0,0,0,0,70.45
2004,10,11,5,30,28,0,0,0,0,0,0,69.65
2004,10,11,6,30,27.900000000000002,0,0,0,0,0,0,69.06
2004,10,11,7,30,27.700000000000003,0,0,0,0,0,0,69.38
2004,10,11,8,30,27.5,0,0,0,0,0,0,69.9
2004,10,11,9,30,27.400000000000002,0,0,0,0,0,0,69.84
2004,10,11,10,30,27.400000000000002,0,0,0,0,0,0,69.34
2004,10,11,11,30,27.3,0,0,0,0,0,0,69.28
2004,10,11,12,30,27.400000000000002,0,0,0,0,0,0,68.54
2004,10,11,13,30,27.8,269,71,40,269,40,71,66.98
2004,10,11,14,30,28.5,615,291,81,615,81,291,64.75
2004,10,11,15,30,29.1,765,516,101,765,101,516,61.96
2004,10,11,16,30,29.5,847,707,111,847,111,707,60.480000000000004
2004,10,11,17,30,29.8,893,841,113,893,113,841,59.33
2004,10,11,18,30,30.1,922,908,109,922,109,908,57.92
2004,10,11,19,30,30.200000000000003,930,899,104,930,104,899,57.03
2004,10,11,20,30,30.3,914,813,98,914,98,813,56.6
2004,10,11,21,30,30.200000000000003,876,661,88,876,88,661,57.72
2004,10,11,22,30,30.1,794,456,76,794,76,456,59.4
2004,10,11,23,30,29.6,621,222,57,621,57,222,62.52
2004,10,12,0,30,28.900000000000002,134,20,15,134,15,20,68.67
2004,10,12,1,30,28.5,0,0,0,0,0,0,72.18
2004,10,12,2,30,28.3,0,0,0,0,0,0,72.79
2004,10,12,3,30,28.200000000000003,0,0,0,0,0,0,72.9
2004,10,12,4,30,28,0,0,0,0,0,0,73.72
2004,10,12,5,30,27.900000000000002,0,0,0,0,0,0,74.12
2004,10,12,6,30,27.8,0,0,0,0,0,0,74.61
2004,10,12,7,30,27.6,0,0,0,0,0,0,75.29
2004,10,12,8,30,27.5,0,0,0,0,0,0,75.07000000000001
2004,10,12,9,30,27.400000000000002,0,0,0,0,0,0,74.38
2004,10,12,10,30,27.400000000000002,0,0,0,0,0,0,72.91
2004,10,12,11,30,27.3,0,0,0,0,0,0,71.81
2004,10,12,12,30,27.400000000000002,0,0,0,0,0,0,70.18
2004,10,12,13,30,27.900000000000002,296,70,37,296,37,70,68.13
2004,10,12,14,30,28.700000000000003,637,288,72,637,72,288,64.5
2004,10,12,15,30,29.3,782,511,88,782,88,511,61.5
2004,10,12,16,30,29.700000000000003,855,697,97,855,97,697,61.15
2004,10,12,17,30,30,897,829,101,897,101,829,61.120000000000005
2004,10,12,18,30,30.200000000000003,916,891,100,916,100,891,61.64
2004,10,12,19,30,30.3,916,879,98,916,98,879,62.64
2004,10,12,20,30,30.3,899,795,94,899,94,795,63.64
2004,10,12,21,30,30.200000000000003,840,640,94,840,94,640,64.61
2004,10,12,22,30,30.1,760,440,80,760,80,440,65.2
2004,10,12,23,30,29.700000000000003,585,211,59,585,59,211,66.77
2004,10,13,0,30,29.1,110,18,14,110,14,18,71.09
2004,10,13,1,30,28.700000000000003,0,0,0,0,0,0,73.85000000000001
2004,10,13,2,30,28.5,0,0,0,0,0,0,74.2
2004,10,13,3,30,28.3,0,0,0,0,0,0,74.67
2004,10,13,4,30,28.200000000000003,0,0,0,0,0,0,74.64
2004,10,13,5,30,28,0,0,0,0,0,0,75.10000000000001
2004,10,13,6,30,27.900000000000002,0,0,0,0,0,0,75.13
2004,10,13,7,30,27.700000000000003,0,0,0,0,0,0,75.69
2004,10,13,8,30,27.5,0,0,0,0,0,0,76.17
2004,10,13,9,30,27.3,0,0,0,0,0,0,76.75
2004,10,13,10,30,27.200000000000003,0,0,0,0,0,0,77.09
2004,10,13,11,30,27.1,0,0,0,0,0,0,77.42
2004,10,13,12,30,27.200000000000003,0,0,0,0,0,0,76.9
2004,10,13,13,30,27.6,285,69,37,285,37,69,75.98
2004,10,13,14,30,28.400000000000002,632,287,74,632,74,287,73.54
2004,10,13,15,30,28.900000000000002,778,510,92,778,92,510,71.35000000000001
2004,10,13,16,30,29.200000000000003,853,698,101,853,101,698,70.9
2004,10,13,17,30,29.400000000000002,897,830,105,897,105,830,70.82000000000001
2004,10,13,18,30,29.5,914,892,106,914,106,892,71.13
2004,10,13,19,30,29.5,914,879,104,914,104,879,72.06
2004,10,13,20,30,29.5,896,795,99,896,99,795,72.89
2004,10,13,21,30,29.400000000000002,859,645,89,859,89,645,73.8
2004,10,13,22,30,29.200000000000003,783,444,76,783,76,444,74.44
2004,10,13,23,30,28.8,614,214,55,614,55,214,75.93
2004,10,14,0,30,28.3,122,17,14,122,14,17,79.12
2004,10,14,1,30,27.900000000000002,0,0,0,0,0,0,80.92
2004,10,14,2,30,27.700000000000003,0,0,0,0,0,0,80.89
2004,10,14,3,30,27.6,0,0,0,0,0,0,80.64
2004,10,14,4,30,27.5,0,0,0,0,0,0,80.4
2004,10,14,5,30,27.3,0,0,0,0,0,0,80.62
2004,10,14,6,30,27.200000000000003,0,0,0,0,0,0,80.5
2004,10,14,7,30,27.1,0,0,0,0,0,0,80.44
2004,10,14,8,30,26.900000000000002,0,0,0,0,0,0,81.15
2004,10,14,9,30,26.8,0,0,0,0,0,0,81.02
2004,10,14,10,30,26.700000000000003,0,0,0,0,0,0,80.72
2004,10,14,11,30,26.5,0,0,0,0,0,0,80.66
2004,10,14,12,30,26.5,0,0,0,0,0,0,79.37
2004,10,14,13,30,26.900000000000002,259,67,38,3,49,49,76.95
2004,10,14,14,30,27.6,621,285,77,15,156,161,72.68
2004,10,14,15,30,28.1,778,511,94,327,251,426,69.71000000000001
2004,10,14,16,30,28.5,861,700,100,861,100,700,67.77
2004,10,14,17,30,28.8,908,833,102,908,102,833,65.9
2004,10,14,18,30,29,928,896,101,928,101,896,64.85
2004,10,14,19,30,29.1,929,883,98,929,98,883,65.16
2004,10,14,20,30,29.200000000000003,909,796,94,909,94,796,65.88
2004,10,14,21,30,29.1,862,644,89,862,89,644,67.1
2004,10,14,22,30,28.900000000000002,778,440,77,778,77,440,68.26
2004,10,14,23,30,28.5,599,209,57,599,57,209,69.92
2004,10,15,0,30,27.900000000000002,100,15,13,100,13,15,74.15
2004,10,15,1,30,27.6,0,0,0,0,0,0,75.26
2004,10,15,2,30,27.400000000000002,0,0,0,0,0,0,74.99
2004,10,15,3,30,27.400000000000002,0,0,0,0,0,0,73.92
2004,10,15,4,30,27.3,0,0,0,0,0,0,73.47
2004,10,15,5,30,27.200000000000003,0,0,0,0,0,0,73.19
2004,10,15,6,30,27,0,0,0,0,0,0,73.5
2004,10,15,7,30,26.8,0,0,0,0,0,0,73.73
2004,10,15,8,30,26.700000000000003,0,0,0,0,0,0,73.74
2004,10,15,9,30,26.5,0,0,0,0,0,0,74.03
2004,10,15,10,30,26.3,0,0,0,0,0,0,73.91
2004,10,15,11,30,26.1,0,0,0,0,0,0,74.06
2004,10,15,12,30,25.900000000000002,0,0,0,0,0,0,74.22
2004,10,15,13,30,26.3,305,67,34,3,47,47,72.59
2004,10,15,14,30,27,640,284,71,17,157,163,68.79
2004,10,15,15,30,27.900000000000002,778,505,89,778,89,505,64.74
2004,10,15,16,30,28.6,851,690,100,851,100,690,62.22
2004,10,15,17,30,29.1,890,819,105,890,105,819,60.94
2004,10,15,18,30,29.5,908,880,106,908,106,880,60.59
2004,10,15,19,30,29.700000000000003,906,867,104,906,104,867,61.4
2004,10,15,20,30,29.700000000000003,889,782,99,889,99,782,63.18
2004,10,15,21,30,29.700000000000003,843,630,92,843,92,630,64.67
2004,10,15,22,30,29.6,757,429,79,757,79,429,66.27
2004,10,15,23,30,29.1,573,201,57,573,57,201,69.46000000000001
2004,10,16,0,30,28.400000000000002,88,13,11,88,11,13,75.5
2004,10,16,1,30,28,0,0,0,0,0,0,78.2
2004,10,16,2,30,27.8,0,0,0,0,0,0,78.94
2004,10,16,3,30,27.700000000000003,0,0,0,0,0,0,78.98
2004,10,16,4,30,27.6,0,0,0,0,0,0,78.54
2004,10,16,5,30,27.5,0,0,0,0,0,0,77.86
2004,10,16,6,30,27.3,0,0,0,0,0,0,77.63
2004,10,16,7,30,27.1,0,0,0,0,0,0,77.49
2004,10,16,8,30,26.900000000000002,0,0,0,0,0,0,77.26
2004,10,16,9,30,26.700000000000003,0,0,0,0,0,0,77.36
2004,10,16,10,30,26.6,0,0,0,0,0,0,77.09
2004,10,16,11,30,26.5,0,0,0,0,0,0,76.69
2004,10,16,12,30,26.5,0,0,0,0,0,0,75.51
2004,10,16,13,30,26.900000000000002,304,66,34,304,34,66,72.91
2004,10,16,14,30,27.700000000000003,648,282,68,648,68,282,68.15
2004,10,16,15,30,28.3,790,503,83,790,83,503,65.27
2004,10,16,16,30,28.8,861,687,92,861,92,687,65.15
2004,10,16,17,30,29.3,898,815,97,898,97,815,65.26
2004,10,16,18,30,29.5,897,871,108,897,108,871,66.87
2004,10,16,19,30,29.700000000000003,896,857,106,896,106,857,68.45
2004,10,16,20,30,29.700000000000003,876,771,101,876,101,771,70.39
2004,10,16,21,30,29.6,810,617,102,350,293,516,72.02
2004,10,16,22,30,29.400000000000002,726,419,85,726,85,419,73.38
2004,10,16,23,30,28.900000000000002,544,194,60,544,60,194,75.95
2004,10,17,0,30,28.400000000000002,63,12,11,63,11,12,79.92
2004,10,17,1,30,28,0,0,0,0,0,0,82.59
2004,10,17,2,30,27.8,0,0,0,0,0,0,83.29
2004,10,17,3,30,27.6,0,0,0,0,0,0,83.77
2004,10,17,4,30,27.5,0,0,0,0,0,0,83.83
2004,10,17,5,30,27.400000000000002,0,0,0,0,0,0,83.78
2004,10,17,6,30,27.3,0,0,0,0,0,0,83.69
2004,10,17,7,30,27.1,0,0,0,0,0,0,84.08
2004,10,17,8,30,26.900000000000002,0,0,0,0,0,0,84.7
2004,10,17,9,30,26.8,0,0,0,0,0,0,84.88
2004,10,17,10,30,26.700000000000003,0,0,0,0,0,0,84.76
2004,10,17,11,30,26.6,0,0,0,0,0,0,84.34
2004,10,17,12,30,26.5,0,0,0,0,0,0,83.49
2004,10,17,13,30,26.900000000000002,305,65,33,1,42,43,80.60000000000001
2004,10,17,14,30,27.6,658,283,66,152,167,217,76.11
2004,10,17,15,30,28.3,802,505,81,257,258,394,73.10000000000001
2004,10,17,16,30,29.1,877,692,89,377,309,568,70.9
2004,10,17,17,30,29.6,915,821,93,915,93,821,69.13
2004,10,17,18,30,29.900000000000002,919,879,101,919,101,879,68.46000000000001
2004,10,17,19,30,30,922,866,97,922,97,866,68.63
2004,10,17,20,30,30,907,781,91,907,91,781,69.14
2004,10,17,21,30,30,867,631,83,867,83,631,69.34
2004,10,17,22,30,29.8,789,429,70,789,70,429,70.28
2004,10,17,23,30,29.400000000000002,614,201,51,221,113,167,72.26
2004,10,18,0,30,28.700000000000003,0,0,0,0,0,0,78.07000000000001
2004,10,18,1,30,28.200000000000003,0,0,0,0,0,0,80.98
2004,10,18,2,30,28,0,0,0,0,0,0,81.92
2004,10,18,3,30,27.900000000000002,0,0,0,0,0,0,82.23
2004,10,18,4,30,27.700000000000003,0,0,0,0,0,0,82.82000000000001
2004,10,18,5,30,27.5,0,0,0,0,0,0,83.08
2004,10,18,6,30,27.3,0,0,0,0,0,0,82.95
2004,10,18,7,30,27,0,0,0,0,0,0,83.03
2004,10,18,8,30,26.8,0,0,0,0,0,0,82.62
2004,10,18,9,30,26.6,0,0,0,0,0,0,82.33
2004,10,18,10,30,26.5,0,0,0,0,0,0,81.79
2004,10,18,11,30,26.400000000000002,0,0,0,0,0,0,81.38
2004,10,18,12,30,26.400000000000002,0,0,0,0,0,0,80.67
2004,10,18,13,30,26.700000000000003,247,62,36,2,44,44,79.15
2004,10,18,14,30,27.400000000000002,603,275,78,2,114,115,76.03
2004,10,18,15,30,28.1,759,496,96,286,254,405,74.29
2004,10,18,16,30,28.700000000000003,842,683,106,345,324,560,71.35000000000001
2004,10,18,17,30,29.1,885,812,110,410,357,682,69.83
2004,10,18,18,30,29.3,878,867,127,542,333,790,69.3
2004,10,18,19,30,29.5,879,854,123,879,123,854,68.78
2004,10,18,20,30,29.5,859,768,116,859,116,768,68.88
2004,10,18,21,30,29.5,827,620,100,827,100,620,68.86
2004,10,18,22,30,29.3,733,417,86,733,86,417,69.39
2004,10,18,23,30,28.8,537,191,62,537,62,191,71.17
2004,10,19,0,30,28.200000000000003,0,0,0,0,0,0,75.83
2004,10,19,1,30,27.700000000000003,0,0,0,0,0,0,78.53
2004,10,19,2,30,27.5,0,0,0,0,0,0,78.74
2004,10,19,3,30,27.3,0,0,0,0,0,0,79.06
2004,10,19,4,30,27.1,0,0,0,0,0,0,79.37
2004,10,19,5,30,27,0,0,0,0,0,0,79.15
2004,10,19,6,30,26.8,0,0,0,0,0,0,79.39
2004,10,19,7,30,26.700000000000003,0,0,0,0,0,0,79.09
2004,10,19,8,30,26.5,0,0,0,0,0,0,79.15
2004,10,19,9,30,26.3,0,0,0,0,0,0,79.25
2004,10,19,10,30,26.200000000000003,0,0,0,0,0,0,78.61
2004,10,19,11,30,26.1,0,0,0,0,0,0,77.81
2004,10,19,12,30,26,0,0,0,0,0,0,77.21000000000001
2004,10,19,13,30,26.3,264,62,35,264,35,62,75.61
2004,10,19,14,30,26.900000000000002,623,278,76,623,76,278,73.47
2004,10,19,15,30,27.6,774,500,95,774,95,500,71.18
2004,10,19,16,30,28.1,852,687,105,852,105,687,69.91
2004,10,19,17,30,28.5,895,816,108,895,108,816,69.18
2004,10,19,18,30,28.900000000000002,930,881,100,930,100,881,68.39
2004,10,19,19,30,29.200000000000003,931,868,98,931,98,868,68.13
2004,10,19,20,30,29.3,911,781,93,911,93,781,68.67
2004,10,19,21,30,29.3,851,624,92,851,92,624,69.22
2004,10,19,22,30,29.200000000000003,760,420,79,760,79,420,69.69
2004,10,19,23,30,28.700000000000003,564,191,57,564,57,191,71.78
2004,10,20,0,30,28.1,0,0,0,0,0,0,76.44
2004,10,20,1,30,27.8,0,0,0,0,0,0,78.01
2004,10,20,2,30,27.700000000000003,0,0,0,0,0,0,77.32000000000001
2004,10,20,3,30,27.5,0,0,0,0,0,0,76.81
2004,10,20,4,30,27.200000000000003,0,0,0,0,0,0,76.97
2004,10,20,5,30,26.900000000000002,0,0,0,0,0,0,77.61
2004,10,20,6,30,26.6,0,0,0,0,0,0,78.51
2004,10,20,7,30,26.400000000000002,0,0,0,0,0,0,78.95
2004,10,20,8,30,26.200000000000003,0,0,0,0,0,0,79.67
2004,10,20,9,30,26.1,0,0,0,0,0,0,79.8
2004,10,20,10,30,26,0,0,0,0,0,0,79.57000000000001
2004,10,20,11,30,25.900000000000002,0,0,0,0,0,0,79.01
2004,10,20,12,30,25.900000000000002,0,0,0,0,0,0,77.95
2004,10,20,13,30,26.400000000000002,283,61,33,283,33,61,75.11
2004,10,20,14,30,27.200000000000003,638,276,70,638,70,276,71.96000000000001
2004,10,20,15,30,28,787,497,87,787,87,497,67.97
2004,10,20,16,30,28.6,861,682,97,861,97,682,64.09
2004,10,20,17,30,29.1,902,812,102,902,102,812,60.78
2004,10,20,18,30,29.5,904,870,113,904,113,870,58.09
2004,10,20,19,30,29.700000000000003,902,854,111,902,111,854,57.33
2004,10,20,20,30,29.700000000000003,883,769,106,883,106,769,58.660000000000004
2004,10,20,21,30,29.700000000000003,830,615,100,830,100,615,60.22
2004,10,20,22,30,29.400000000000002,736,412,84,736,84,412,62.68
2004,10,20,23,30,28.900000000000002,536,184,59,536,59,184,66.52
2004,10,21,0,30,28.200000000000003,0,0,0,0,0,0,73.42
2004,10,21,1,30,27.8,0,0,0,0,0,0,75.93
2004,10,21,2,30,27.6,0,0,0,0,0,0,76.78
2004,10,21,3,30,27.5,0,0,0,0,0,0,77.09
2004,10,21,4,30,27.400000000000002,0,0,0,0,0,0,77.43
2004,10,21,5,30,27.200000000000003,0,0,0,0,0,0,78.29
2004,10,21,6,30,27,0,0,0,0,0,0,78.66
2004,10,21,7,30,26.8,0,0,0,0,0,0,78.83
2004,10,21,8,30,26.6,0,0,0,0,0,0,79.46000000000001
2004,10,21,9,30,26.5,0,0,0,0,0,0,80.67
2004,10,21,10,30,26.5,0,0,0,0,0,0,81.37
2004,10,21,11,30,26.6,0,0,0,0,0,0,81.01
2004,10,21,12,30,26.6,0,0,0,0,0,0,80.8
2004,10,21,13,30,26.900000000000002,218,56,35,1,40,40,79.52
2004,10,21,14,30,27.400000000000002,571,263,80,53,168,185,79.08
2004,10,21,15,30,28,728,481,103,179,272,365,75.13
2004,10,21,16,30,28.6,810,663,115,274,338,524,71.86
2004,10,21,17,30,29.1,849,789,123,329,380,638,70.02
2004,10,21,18,30,29.400000000000002,858,845,130,387,389,711,69.31
2004,10,21,19,30,29.5,838,826,137,427,366,717,69.49
2004,10,21,20,30,29.6,798,736,139,798,139,736,69.60000000000001
2004,10,21,21,30,29.5,594,559,192,594,192,559,70.66
2004,10,21,22,30,29.3,474,366,156,474,156,366,72.73
2004,10,21,23,30,29,269,156,94,269,94,156,75.94
2004,10,22,0,30,28.700000000000003,0,0,0,0,0,0,80.03
2004,10,22,1,30,28.5,0,0,0,0,0,0,81.95
2004,10,22,2,30,28.400000000000002,0,0,0,0,0,0,82.51
2004,10,22,3,30,28.3,0,0,0,0,0,0,82.85000000000001
2004,10,22,4,30,28.200000000000003,0,0,0,0,0,0,83.16
2004,10,22,5,30,28,0,0,0,0,0,0,84
2004,10,22,6,30,27.900000000000002,0,0,0,0,0,0,84.22
2004,10,22,7,30,27.900000000000002,0,0,0,0,0,0,83.81
2004,10,22,8,30,27.8,0,0,0,0,0,0,83.72
2004,10,22,9,30,27.8,0,0,0,0,0,0,82.82000000000001
2004,10,22,10,30,27.700000000000003,0,0,0,0,0,0,81.92
2004,10,22,11,30,27.700000000000003,0,0,0,0,0,0,80.14
2004,10,22,12,30,27.6,0,0,0,0,0,0,78.89
2004,10,22,13,30,27.8,158,51,36,0,37,37,76.79
2004,10,22,14,30,28.200000000000003,516,253,89,516,89,253,75.38
2004,10,22,15,30,28.700000000000003,683,467,114,683,114,467,71.61
2004,10,22,16,30,29.1,767,646,129,767,129,646,70.09
2004,10,22,17,30,29.400000000000002,808,770,138,808,138,770,69.13
2004,10,22,18,30,29.5,824,827,142,824,142,827,68.86
2004,10,22,19,30,29.5,818,811,142,407,369,702,69.10000000000001
2004,10,22,20,30,29.400000000000002,789,725,138,638,206,681,70.60000000000001
2004,10,22,21,30,29.3,723,574,130,552,176,516,72.52
2004,10,22,22,30,29.1,608,377,111,608,111,377,75.07000000000001
2004,10,22,23,30,28.8,382,162,75,382,75,162,78.05
2004,10,23,0,30,28.400000000000002,0,0,0,0,0,0,82
2004,10,23,1,30,28.200000000000003,0,0,0,0,0,0,83.3
2004,10,23,2,30,28.1,0,0,0,0,0,0,83.27
2004,10,23,3,30,28.1,0,0,0,0,0,0,82.24
2004,10,23,4,30,28,0,0,0,0,0,0,81.38
2004,10,23,5,30,27.900000000000002,0,0,0,0,0,0,80.5
2004,10,23,6,30,27.700000000000003,0,0,0,0,0,0,80.26
2004,10,23,7,30,27.6,0,0,0,0,0,0,79.79
2004,10,23,8,30,27.5,0,0,0,0,0,0,79.69
2004,10,23,9,30,27.400000000000002,0,0,0,0,0,0,79.85000000000001
2004,10,23,10,30,27.3,0,0,0,0,0,0,80.08
2004,10,23,11,30,27.3,0,0,0,0,0,0,79.44
2004,10,23,12,30,27.400000000000002,0,0,0,0,0,0,77.79
2004,10,23,13,30,27.8,239,54,32,0,19,19,75.27
2004,10,23,14,30,28.400000000000002,591,259,73,24,125,132,72.82000000000001
2004,10,23,15,30,29.1,744,474,92,414,181,393,68.48
2004,10,23,16,30,29.700000000000003,821,654,103,67,265,310,64.87
2004,10,23,17,30,30.1,862,779,108,353,278,553,62.47
2004,10,23,18,30,30.400000000000002,880,837,109,693,185,758,61.08
2004,10,23,19,30,30.6,878,822,108,629,166,678,60.31
2004,10,23,20,30,30.6,858,737,102,584,200,632,60.2
2004,10,23,21,30,30.5,768,580,110,580,184,538,60.6
2004,10,23,22,30,30.3,667,383,94,258,210,322,62.06
2004,10,23,23,30,29.900000000000002,451,165,64,36,109,117,65.87
2004,10,24,0,30,29.5,0,0,0,0,0,0,70.71000000000001
2004,10,24,1,30,29.3,0,0,0,0,0,0,72.43
2004,10,24,2,30,29.1,0,0,0,0,0,0,74.27
2004,10,24,3,30,28.8,0,0,0,0,0,0,76.8
2004,10,24,4,30,28.6,0,0,0,0,0,0,79.15
2004,10,24,5,30,28.400000000000002,0,0,0,0,0,0,81.38
2004,10,24,6,30,28.400000000000002,0,0,0,0,0,0,81.48
2004,10,24,7,30,28.3,0,0,0,0,0,0,80.61
2004,10,24,8,30,28.200000000000003,0,0,0,0,0,0,79.57000000000001
2004,10,24,9,30,28,0,0,0,0,0,0,80.55
2004,10,24,10,30,27.900000000000002,0,0,0,0,0,0,81.65
2004,10,24,11,30,27.8,0,0,0,0,0,0,82.43
2004,10,24,12,30,27.700000000000003,0,0,0,0,0,0,83.16
2004,10,24,13,30,27.900000000000002,171,49,34,5,39,39,82.88
2004,10,24,14,30,28.3,543,251,81,11,100,104,82.44
2004,10,24,15,30,28.700000000000003,709,464,102,361,195,380,79.63
2004,10,24,16,30,29,794,644,113,177,334,453,78.10000000000001
2004,10,24,17,30,29.200000000000003,837,768,119,430,278,612,76.44
2004,10,24,18,30,29.200000000000003,853,824,122,638,169,695,75.93
2004,10,24,19,30,29.1,853,810,119,506,245,655,76.51
2004,10,24,20,30,28.900000000000002,832,725,112,636,187,656,77.48
2004,10,24,21,30,28.8,651,552,157,651,157,552,77.96000000000001
2004,10,24,22,30,28.6,544,361,126,183,227,306,79.09
2004,10,24,23,30,28.200000000000003,331,152,79,331,79,152,81.49
2004,10,25,0,30,27.900000000000002,0,0,0,0,0,0,84.92
2004,10,25,1,30,27.700000000000003,0,0,0,0,0,0,86.3
2004,10,25,2,30,27.6,0,0,0,0,0,0,86.65
2004,10,25,3,30,27.6,0,0,0,0,0,0,86.45
2004,10,25,4,30,27.700000000000003,0,0,0,0,0,0,86.07000000000001
2004,10,25,5,30,27.6,0,0,0,0,0,0,87.04
2004,10,25,6,30,27.6,0,0,0,0,0,0,87.73
2004,10,25,7,30,27.5,0,0,0,0,0,0,88.65
2004,10,25,8,30,27.5,0,0,0,0,0,0,88.98
2004,10,25,9,30,27.5,0,0,0,0,0,0,88.97
2004,10,25,10,30,27.6,0,0,0,0,0,0,87.89
2004,10,25,11,30,27.700000000000003,0,0,0,0,0,0,86.84
2004,10,25,12,30,27.700000000000003,0,0,0,0,0,0,86.45
2004,10,25,13,30,28,138,47,34,3,36,36,85
2004,10,25,14,30,28.400000000000002,485,242,91,87,152,179,84.02
2004,10,25,15,30,28.8,648,450,121,130,232,298,82.49
2004,10,25,16,30,29,749,630,131,524,215,564,82.29
2004,10,25,17,30,29.200000000000003,800,754,136,141,355,464,81.44
2004,10,25,18,30,29.3,822,812,137,413,302,641,80.86
2004,10,25,19,30,29.200000000000003,818,796,136,423,281,622,81.18
2004,10,25,20,30,29,784,709,134,0,105,105,81.94
2004,10,25,21,30,28.8,716,559,127,6,168,171,82.83
2004,10,25,22,30,28.6,591,363,110,0,46,46,83.98
2004,10,25,23,30,28.200000000000003,347,150,74,0,33,33,86.25
2004,10,26,0,30,28,0,0,0,0,0,0,86.68
2004,10,26,1,30,27.8,0,0,0,0,0,0,86.46000000000001
2004,10,26,2,30,27.700000000000003,0,0,0,0,0,0,85.96000000000001
2004,10,26,3,30,27.6,0,0,0,0,0,0,85.78
2004,10,26,4,30,27.5,0,0,0,0,0,0,85.65
2004,10,26,5,30,27.400000000000002,0,0,0,0,0,0,85.52
2004,10,26,6,30,27.200000000000003,0,0,0,0,0,0,85.83
2004,10,26,7,30,27.1,0,0,0,0,0,0,85.61
2004,10,26,8,30,26.900000000000002,0,0,0,0,0,0,85.85000000000001
2004,10,26,9,30,26.700000000000003,0,0,0,0,0,0,86.09
2004,10,26,10,30,26.5,0,0,0,0,0,0,86.38
2004,10,26,11,30,26.3,0,0,0,0,0,0,86.60000000000001
2004,10,26,12,30,26.200000000000003,0,0,0,0,0,0,86.23
2004,10,26,13,30,26.5,203,49,32,0,31,32,84.76
2004,10,26,14,30,27,606,256,69,606,69,256,82.78
2004,10,26,15,30,27.3,778,476,82,183,259,352,80.71000000000001
2004,10,26,16,30,27.6,862,659,88,862,88,659,79.12
2004,10,26,17,30,27.8,906,786,90,906,90,786,78.01
2004,10,26,18,30,27.900000000000002,923,844,90,923,90,844,77.12
2004,10,26,19,30,27.900000000000002,924,830,88,924,88,830,76.73
2004,10,26,20,30,27.8,903,743,84,903,84,743,76.77
2004,10,26,21,30,27.8,842,590,84,842,84,590,76.53
2004,10,26,22,30,27.6,749,390,72,749,72,390,77.17
2004,10,26,23,30,27.3,544,167,50,544,50,167,78.04
2004,10,27,0,30,26.900000000000002,0,0,0,0,0,0,80.84
2004,10,27,1,30,26.6,0,0,0,0,0,0,82.60000000000001
2004,10,27,2,30,26.5,0,0,0,0,0,0,82.41
2004,10,27,3,30,26.400000000000002,0,0,0,0,0,0,81.67
2004,10,27,4,30,26.3,0,0,0,0,0,0,80.58
2004,10,27,5,30,26.200000000000003,0,0,0,0,0,0,79.45
2004,10,27,6,30,26.1,0,0,0,0,0,0,78.49
2004,10,27,7,30,25.900000000000002,0,0,0,0,0,0,78.18
2004,10,27,8,30,25.8,0,0,0,0,0,0,77.87
2004,10,27,9,30,25.700000000000003,0,0,0,0,0,0,77.73
2004,10,27,10,30,25.6,0,0,0,0,0,0,77.71000000000001
2004,10,27,11,30,25.6,0,0,0,0,0,0,77.14
2004,10,27,12,30,25.6,0,0,0,0,0,0,76.47
2004,10,27,13,30,26,341,54,25,341,25,54,74.5
2004,10,27,14,30,26.700000000000003,694,266,54,694,54,266,71.8
2004,10,27,15,30,27.3,827,484,68,827,68,484,69.46000000000001
2004,10,27,16,30,27.8,894,665,75,894,75,665,68.47
2004,10,27,17,30,28.1,928,790,80,928,80,790,68.57000000000001
2004,10,27,18,30,28.400000000000002,923,844,93,923,93,844,68.58
2004,10,27,19,30,28.6,923,828,90,923,90,828,68.9
2004,10,27,20,30,28.6,904,743,86,904,86,743,69.87
2004,10,27,21,30,28.6,868,593,74,868,74,593,70.5
2004,10,27,22,30,28.400000000000002,786,394,63,786,63,394,71.74
2004,10,27,23,30,27.900000000000002,595,171,44,595,44,171,74.22
2004,10,28,0,30,27.3,0,0,0,0,0,0,78.77
2004,10,28,1,30,26.900000000000002,0,0,0,0,0,0,80.83
2004,10,28,2,30,26.8,0,0,0,0,0,0,80.68
2004,10,28,3,30,26.6,0,0,0,0,0,0,81.14
2004,10,28,4,30,26.400000000000002,0,0,0,0,0,0,82
2004,10,28,5,30,26.200000000000003,0,0,0,0,0,0,82.86
2004,10,28,6,30,26.1,0,0,0,0,0,0,83.12
2004,10,28,7,30,25.900000000000002,0,0,0,0,0,0,83.77
2004,10,28,8,30,25.8,0,0,0,0,0,0,83.66
2004,10,28,9,30,25.700000000000003,0,0,0,0,0,0,83.47
2004,10,28,10,30,25.700000000000003,0,0,0,0,0,0,82.72
2004,10,28,11,30,25.6,0,0,0,0,0,0,82.25
2004,10,28,12,30,25.700000000000003,0,0,0,0,0,0,80.71000000000001
2004,10,28,13,30,26.1,305,51,26,305,26,51,77.93
2004,10,28,14,30,26.900000000000002,665,259,57,665,57,259,74.47
2004,10,28,15,30,27.6,806,474,71,806,71,474,71.19
2004,10,28,16,30,28.1,876,654,79,876,79,654,69.9
2004,10,28,17,30,28.6,912,778,83,912,83,778,68.94
2004,10,28,18,30,28.900000000000002,924,834,86,924,86,834,69.5
2004,10,28,19,30,29,918,817,86,918,86,817,70.95
2004,10,28,20,30,29.1,895,730,83,895,83,730,72.17
2004,10,28,21,30,29,821,575,87,821,87,575,73.67
2004,10,28,22,30,28.8,720,377,75,720,75,377,75.19
2004,10,28,23,30,28.3,505,158,52,505,52,158,78.10000000000001
2004,10,29,0,30,27.8,0,0,0,0,0,0,82.5
2004,10,29,1,30,27.5,0,0,0,0,0,0,84.36
2004,10,29,2,30,27.400000000000002,0,0,0,0,0,0,84.41
2004,10,29,3,30,27.3,0,0,0,0,0,0,84.28
2004,10,29,4,30,27.200000000000003,0,0,0,0,0,0,84.06
2004,10,29,5,30,27.1,0,0,0,0,0,0,83.82000000000001
2004,10,29,6,30,27,0,0,0,0,0,0,83.43
2004,10,29,7,30,26.900000000000002,0,0,0,0,0,0,83.11
2004,10,29,8,30,26.900000000000002,0,0,0,0,0,0,82.29
2004,10,29,9,30,26.8,0,0,0,0,0,0,82.2
2004,10,29,10,30,26.700000000000003,0,0,0,0,0,0,82.24
2004,10,29,11,30,26.700000000000003,0,0,0,0,0,0,81.62
2004,10,29,12,30,26.700000000000003,0,0,0,0,0,0,80.83
2004,10,29,13,30,26.900000000000002,223,46,28,223,28,46,78.9
2004,10,29,14,30,27.400000000000002,595,247,67,595,67,247,77.01
2004,10,29,15,30,27.900000000000002,751,459,86,751,86,459,73.76
2004,10,29,16,30,28.3,829,637,96,829,96,637,71.66
2004,10,29,17,30,28.5,871,762,101,871,101,762,69.95
2004,10,29,18,30,28.6,887,818,102,887,102,818,69.46000000000001
2004,10,29,19,30,28.6,885,803,101,885,101,803,70.49
2004,10,29,20,30,28.6,861,716,97,861,97,716,71.79
2004,10,29,21,30,28.6,817,568,86,817,86,568,72.96000000000001
2004,10,29,22,30,28.5,718,372,73,718,73,372,74.36
2004,10,29,23,30,28.200000000000003,505,155,50,505,50,155,77.17
2004,10,30,0,30,27.8,0,0,0,0,0,0,81.19
2004,10,30,1,30,27.6,0,0,0,0,0,0,82.23
2004,10,30,2,30,27.6,0,0,0,0,0,0,81.91
2004,10,30,3,30,27.6,0,0,0,0,0,0,81.05
2004,10,30,4,30,27.5,0,0,0,0,0,0,80.33
2004,10,30,5,30,27.5,0,0,0,0,0,0,79.27
2004,10,30,6,30,27.3,0,0,0,0,0,0,79.21000000000001
2004,10,30,7,30,27.200000000000003,0,0,0,0,0,0,78.77
2004,10,30,8,30,27,0,0,0,0,0,0,78.54
2004,10,30,9,30,26.8,0,0,0,0,0,0,78.62
2004,10,30,10,30,26.700000000000003,0,0,0,0,0,0,78.32000000000001
2004,10,30,11,30,26.6,0,0,0,0,0,0,77.99
2004,10,30,12,30,26.6,0,0,0,0,0,0,77.09
2004,10,30,13,30,26.900000000000002,252,46,26,252,26,46,75.25
2004,10,30,14,30,27.6,626,249,62,626,62,249,72.97
2004,10,30,15,30,28.200000000000003,773,462,79,773,79,462,71.15
2004,10,30,16,30,28.700000000000003,845,640,90,845,90,640,69.93
2004,10,30,17,30,29,882,763,96,190,390,533,69.97
2004,10,30,18,30,29.1,896,818,98,896,98,818,71.03
2004,10,30,19,30,29.1,892,802,98,892,98,802,71.96000000000001
2004,10,30,20,30,29.1,868,716,94,868,94,716,72.36
2004,10,30,21,30,29,804,564,92,804,92,564,72.64
2004,10,30,22,30,28.700000000000003,700,368,79,700,79,368,73.34
2004,10,30,23,30,28.200000000000003,476,151,54,476,54,151,75.02
2004,10,31,0,30,27.700000000000003,0,0,0,0,0,0,78.38
2004,10,31,1,30,27.400000000000002,0,0,0,0,0,0,79.64
2004,10,31,2,30,27.3,0,0,0,0,0,0,79.32000000000001
2004,10,31,3,30,27.200000000000003,0,0,0,0,0,0,79.08
2004,10,31,4,30,27.1,0,0,0,0,0,0,78.82000000000001
2004,10,31,5,30,27,0,0,0,0,0,0,78.57000000000001
2004,10,31,6,30,26.900000000000002,0,0,0,0,0,0,78.38
2004,10,31,7,30,26.8,0,0,0,0,0,0,78.21000000000001
2004,10,31,8,30,26.6,0,0,0,0,0,0,78.98
2004,10,31,9,30,26.400000000000002,0,0,0,0,0,0,79.72
2004,10,31,10,30,26.3,0,0,0,0,0,0,79.78
2004,10,31,11,30,26.200000000000003,0,0,0,0,0,0,79.53
2004,10,31,12,30,26.1,0,0,0,0,0,0,79.01
2004,10,31,13,30,26.400000000000002,170,42,29,170,29,42,76.67
2004,10,31,14,30,26.900000000000002,554,239,75,554,75,239,73.96000000000001
2004,10,31,15,30,27.400000000000002,719,450,96,719,96,450,70.55
2004,10,31,16,30,27.700000000000003,804,627,107,337,301,519,69.51
2004,10,31,17,30,27.900000000000002,847,750,112,847,112,750,69.2
2004,10,31,18,30,28.1,869,807,112,869,112,807,69.2
2004,10,31,19,30,28.1,870,791,107,870,107,791,70.23
2004,10,31,20,30,28.1,848,706,101,848,101,706,71.17
2004,10,31,21,30,27.8,793,557,93,793,93,557,73.46000000000001
2004,10,31,22,30,27.400000000000002,693,362,78,120,184,233,76.02
2004,10,31,23,30,26.8,474,148,52,4,59,59,79.67
2004,11,1,0,30,26.400000000000002,0,0,0,0,0,0,82.92
2004,11,1,1,30,26.1,0,0,0,0,0,0,84.55
2004,11,1,2,30,25.900000000000002,0,0,0,0,0,0,84.9
2004,11,1,3,30,25.8,0,0,0,0,0,0,84.04
2004,11,1,4,30,25.6,0,0,0,0,0,0,83.47
2004,11,1,5,30,25.400000000000002,0,0,0,0,0,0,83.25
2004,11,1,6,30,25.3,0,0,0,0,0,0,83.04
2004,11,1,7,30,25.200000000000003,0,0,0,0,0,0,83.06
2004,11,1,8,30,25.1,0,0,0,0,0,0,83.08
2004,11,1,9,30,25,0,0,0,0,0,0,83.63
2004,11,1,10,30,25,0,0,0,0,0,0,83.67
2004,11,1,11,30,25,0,0,0,0,0,0,83.24
2004,11,1,12,30,25,0,0,0,0,0,0,82.72
2004,11,1,13,30,25.5,279,45,24,1,23,23,80.3
2004,11,1,14,30,26.3,666,252,56,450,99,232,77.47
2004,11,1,15,30,27,820,472,71,456,161,385,73.71000000000001
2004,11,1,16,30,27.400000000000002,900,658,78,393,288,541,71.24
2004,11,1,17,30,27.8,942,787,81,447,325,660,69.2
2004,11,1,18,30,27.900000000000002,948,845,90,479,261,642,68.55
2004,11,1,19,30,27.900000000000002,952,833,88,455,283,639,67.66
2004,11,1,20,30,27.8,935,747,83,63,307,351,66.5
2004,11,1,21,30,27.5,876,593,84,264,245,399,65.62
2004,11,1,22,30,27.200000000000003,786,390,70,175,201,273,65.06
2004,11,1,23,30,26.6,578,163,48,22,87,91,66.89
2004,11,2,0,30,26,0,0,0,0,0,0,69.96000000000001
2004,11,2,1,30,25.8,0,0,0,0,0,0,69.34
2004,11,2,2,30,25.6,0,0,0,0,0,0,68.52
2004,11,2,3,30,25.5,0,0,0,0,0,0,67.58
2004,11,2,4,30,25.3,0,0,0,0,0,0,67.55
2004,11,2,5,30,25,0,0,0,0,0,0,68.11
2004,11,2,6,30,24.700000000000003,0,0,0,0,0,0,68.65
2004,11,2,7,30,24.400000000000002,0,0,0,0,0,0,69.12
2004,11,2,8,30,24.1,0,0,0,0,0,0,69.24
2004,11,2,9,30,23.8,0,0,0,0,0,0,69.28
2004,11,2,10,30,23.6,0,0,0,0,0,0,69.56
2004,11,2,11,30,23.3,0,0,0,0,0,0,70.18
2004,11,2,12,30,23,0,0,0,0,0,0,70.77
2004,11,2,13,30,23.200000000000003,334,48,24,334,24,48,69.10000000000001
2004,11,2,14,30,24,727,266,54,727,54,266,66.34
2004,11,2,15,30,24.8,876,493,67,876,67,493,61.620000000000005
2004,11,2,16,30,25.700000000000003,945,680,74,945,74,680,57.46
2004,11,2,17,30,26.200000000000003,981,809,77,981,77,809,54.5
2004,11,2,18,30,26.5,994,868,79,994,79,868,53.29
2004,11,2,19,30,26.8,996,854,77,996,77,854,53.27
2004,11,2,20,30,26.900000000000002,975,763,74,975,74,763,53.89
2004,11,2,21,30,26.8,929,607,69,929,69,607,54.81
2004,11,2,22,30,26.6,840,399,60,840,60,399,55.76
2004,11,2,23,30,25.900000000000002,636,167,42,636,42,167,58.93
2004,11,3,0,30,25.1,0,0,0,0,0,0,65.02
2004,11,3,1,30,24.700000000000003,0,0,0,0,0,0,65.37
2004,11,3,2,30,24.5,0,0,0,0,0,0,64.98
2004,11,3,3,30,24.400000000000002,0,0,0,0,0,0,64.29
2004,11,3,4,30,24.200000000000003,0,0,0,0,0,0,63.67
2004,11,3,5,30,24,0,0,0,0,0,0,62.79
2004,11,3,6,30,23.8,0,0,0,0,0,0,61.620000000000005
2004,11,3,7,30,23.5,0,0,0,0,0,0,60.800000000000004
2004,11,3,8,30,23.1,0,0,0,0,0,0,60.730000000000004
2004,11,3,9,30,22.700000000000003,0,0,0,0,0,0,61.99
2004,11,3,10,30,22.3,0,0,0,0,0,0,64.03
2004,11,3,11,30,22,0,0,0,0,0,0,66.53
2004,11,3,12,30,21.8,0,0,0,0,0,0,67.58
2004,11,3,13,30,22,361,48,22,1,30,30,66.51
2004,11,3,14,30,22.700000000000003,742,266,51,742,51,266,64.49
2004,11,3,15,30,23.8,880,490,64,880,64,490,60.18
2004,11,3,16,30,25.3,945,675,72,945,72,675,56.88
2004,11,3,17,30,26.700000000000003,979,804,76,979,76,804,51.050000000000004
2004,11,3,18,30,27.5,986,861,82,986,82,861,46.25
2004,11,3,19,30,27.900000000000002,979,842,81,979,81,842,45.6
2004,11,3,20,30,28,958,752,78,457,313,635,48.230000000000004
2004,11,3,21,30,28,907,595,73,907,73,595,51.300000000000004
2004,11,3,22,30,27.700000000000003,815,390,63,815,63,390,54.57
2004,11,3,23,30,26.900000000000002,599,160,44,599,44,160,60.15
2004,11,4,0,30,26,0,0,0,0,0,0,68.01
2004,11,4,1,30,25.6,0,0,0,0,0,0,69.37
2004,11,4,2,30,25.400000000000002,0,0,0,0,0,0,69.75
2004,11,4,3,30,25.400000000000002,0,0,0,0,0,0,68.77
2004,11,4,4,30,25.3,0,0,0,0,0,0,68.26
2004,11,4,5,30,25.200000000000003,0,0,0,0,0,0,67.74
2004,11,4,6,30,25,0,0,0,0,0,0,67.74
2004,11,4,7,30,24.8,0,0,0,0,0,0,68.04
2004,11,4,8,30,24.5,0,0,0,0,0,0,68.62
2004,11,4,9,30,24.200000000000003,0,0,0,0,0,0,69.19
2004,11,4,10,30,23.8,0,0,0,0,0,0,70.16
2004,11,4,11,30,23.3,0,0,0,0,0,0,71.3
2004,11,4,12,30,22.900000000000002,0,0,0,0,0,0,71.7
2004,11,4,13,30,23,305,43,22,1,27,27,70.15
2004,11,4,14,30,23.6,693,251,52,693,52,251,67.01
2004,11,4,15,30,24.6,837,468,66,837,66,468,63.800000000000004
2004,11,4,16,30,26,908,650,72,908,72,650,60.64
2004,11,4,17,30,27.6,946,775,75,946,75,775,55.7
2004,11,4,18,30,29,957,829,76,957,76,829,48.77
2004,11,4,19,30,29.700000000000003,956,814,74,670,177,695,46.26
2004,11,4,20,30,30,934,726,72,621,184,619,47.97
2004,11,4,21,30,30,862,572,78,497,233,518,51.26
2004,11,4,22,30,29.400000000000002,765,371,66,299,172,291,56.64
2004,11,4,23,30,28.200000000000003,549,150,45,223,89,132,65.33
2004,11,5,0,30,27.200000000000003,0,0,0,0,0,0,74.2
2004,11,5,1,30,26.700000000000003,0,0,0,0,0,0,77.52
2004,11,5,2,30,26.5,0,0,0,0,0,0,79.22
2004,11,5,3,30,26.3,0,0,0,0,0,0,79.60000000000001
2004,11,5,4,30,26.3,0,0,0,0,0,0,77.8
2004,11,5,5,30,26.200000000000003,0,0,0,0,0,0,75.74
2004,11,5,6,30,25.900000000000002,0,0,0,0,0,0,74.05
2004,11,5,7,30,25.5,0,0,0,0,0,0,73.35000000000001
2004,11,5,8,30,25.3,0,0,0,0,0,0,72.25
2004,11,5,9,30,25.1,0,0,0,0,0,0,70.95
2004,11,5,10,30,24.900000000000002,0,0,0,0,0,0,69.64
2004,11,5,11,30,24.6,0,0,0,0,0,0,68.68
2004,11,5,12,30,24.400000000000002,0,0,0,0,0,0,67.81
2004,11,5,13,30,24.700000000000003,251,40,23,251,23,40,65.47
2004,11,5,14,30,25.6,646,244,60,646,60,244,62.45
2004,11,5,15,30,26.700000000000003,801,460,78,801,78,460,58.5
2004,11,5,16,30,28.1,881,643,86,881,86,643,55.730000000000004
2004,11,5,17,30,29.700000000000003,922,771,91,922,91,771,51.82
2004,11,5,18,30,31,935,827,94,935,94,827,48.24
2004,11,5,19,30,31.700000000000003,937,814,92,937,92,814,46.42
2004,11,5,20,30,32,918,726,86,918,86,726,47.46
2004,11,5,21,30,32.1,871,575,79,871,79,575,47.160000000000004
2004,11,5,22,30,31.6,777,375,67,777,67,375,50.31
2004,11,5,23,30,30,561,151,45,561,45,151,56.29
2004,11,6,0,30,28.3,0,0,0,0,0,0,68.73
2004,11,6,1,30,27.5,0,0,0,0,0,0,73.27
2004,11,6,2,30,27.1,0,0,0,0,0,0,75.81
2004,11,6,3,30,26.8,0,0,0,0,0,0,76.17
2004,11,6,4,30,26.200000000000003,0,0,0,0,0,0,76.32000000000001
2004,11,6,5,30,25.6,0,0,0,0,0,0,75.82000000000001
2004,11,6,6,30,24.700000000000003,0,0,0,0,0,0,76.09
2004,11,6,7,30,23.8,0,0,0,0,0,0,75.79
2004,11,6,8,30,23,0,0,0,0,0,0,74.65
2004,11,6,9,30,22.5,0,0,0,0,0,0,73.32000000000001
2004,11,6,10,30,22.200000000000003,0,0,0,0,0,0,72.08
2004,11,6,11,30,21.900000000000002,0,0,0,0,0,0,71.02
2004,11,6,12,30,21.5,0,0,0,0,0,0,70.97
2004,11,6,13,30,21.6,366,44,21,366,21,44,69.96000000000001
2004,11,6,14,30,22.200000000000003,758,262,48,758,48,262,68.99
2004,11,6,15,30,23.400000000000002,897,486,60,897,60,486,66.33
2004,11,6,16,30,25.1,969,675,66,969,66,675,63.76
2004,11,6,17,30,27.1,999,801,68,999,68,801,60.39
2004,11,6,18,30,28.900000000000002,1011,859,70,1011,70,859,51.47
2004,11,6,19,30,30,1005,839,68,1005,68,839,45.21
2004,11,6,20,30,30.700000000000003,981,747,66,981,66,747,41.71
2004,11,6,21,30,30.900000000000002,925,591,66,925,66,591,40.15
2004,11,6,22,30,30.3,831,384,57,831,57,384,43.17
2004,11,6,23,30,28.900000000000002,616,156,40,616,40,156,52.99
2004,11,7,0,30,27.6,0,0,0,0,0,0,63.21
2004,11,7,1,30,27,0,0,0,0,0,0,66.43
2004,11,7,2,30,26.700000000000003,0,0,0,0,0,0,69.26
2004,11,7,3,30,26.6,0,0,0,0,0,0,69.93
2004,11,7,4,30,26.5,0,0,0,0,0,0,68.97
2004,11,7,5,30,26.3,0,0,0,0,0,0,67.64
2004,11,7,6,30,25.900000000000002,0,0,0,0,0,0,67.31
2004,11,7,7,30,25.5,0,0,0,0,0,0,67.35
2004,11,7,8,30,25,0,0,0,0,0,0,67.59
2004,11,7,9,30,24.400000000000002,0,0,0,0,0,0,67.69
2004,11,7,10,30,23.6,0,0,0,0,0,0,67.85
2004,11,7,11,30,22.700000000000003,0,0,0,0,0,0,68.65
2004,11,7,12,30,22.1,0,0,0,0,0,0,69.54
2004,11,7,13,30,22.1,279,39,22,279,22,39,68.12
2004,11,7,14,30,22.8,695,249,55,695,55,249,65.66
2004,11,7,15,30,24.1,851,471,69,851,69,471,60.11
2004,11,7,16,30,25.700000000000003,929,658,77,929,77,658,54.230000000000004
2004,11,7,17,30,27.200000000000003,974,791,80,974,80,791,50.32
2004,11,7,18,30,28.5,992,852,81,992,81,852,44.82
2004,11,7,19,30,29.3,990,836,80,990,80,836,39.18
2004,11,7,20,30,29.700000000000003,975,749,75,975,75,749,36.56
2004,11,7,21,30,29.6,926,593,71,926,71,593,36.88
2004,11,7,22,30,29.1,834,387,60,834,60,387,40.7
2004,11,7,23,30,27.8,621,157,42,621,42,157,49.09
2004,11,8,0,30,26.8,0,0,0,0,0,0,58.02
2004,11,8,1,30,26.5,0,0,0,0,0,0,59.300000000000004
2004,11,8,2,30,26.5,0,0,0,0,0,0,60.24
2004,11,8,3,30,26.400000000000002,0,0,0,0,0,0,60.26
2004,11,8,4,30,26.200000000000003,0,0,0,0,0,0,59.9
2004,11,8,5,30,25.8,0,0,0,0,0,0,61.56
2004,11,8,6,30,25.6,0,0,0,0,0,0,63.01
2004,11,8,7,30,25.3,0,0,0,0,0,0,64.45
2004,11,8,8,30,25,0,0,0,0,0,0,65.24
2004,11,8,9,30,24.700000000000003,0,0,0,0,0,0,65.07000000000001
2004,11,8,10,30,24.3,0,0,0,0,0,0,64.81
2004,11,8,11,30,23.700000000000003,0,0,0,0,0,0,65.75
2004,11,8,12,30,23.200000000000003,0,0,0,0,0,0,66.42
2004,11,8,13,30,23.3,244,36,21,244,21,36,64.3
2004,11,8,14,30,24.1,668,242,58,668,58,242,61.160000000000004
2004,11,8,15,30,25,825,461,74,825,74,461,55.77
2004,11,8,16,30,26,903,646,84,903,84,646,52.67
2004,11,8,17,30,27.1,943,774,88,943,88,774,49.660000000000004
2004,11,8,18,30,28,957,831,91,957,91,831,44.29
2004,11,8,19,30,28.5,954,815,89,954,89,815,42.24
2004,11,8,20,30,28.6,932,727,86,932,86,727,44.62
2004,11,8,21,30,28.5,873,572,82,873,82,572,48.480000000000004
2004,11,8,22,30,27.900000000000002,768,369,70,768,70,369,54.370000000000005
2004,11,8,23,30,27,537,146,47,537,47,146,63.42
2004,11,9,0,30,26.3,0,0,0,0,0,0,70.82000000000001
2004,11,9,1,30,26,0,0,0,0,0,0,72.82000000000001
2004,11,9,2,30,25.900000000000002,0,0,0,0,0,0,74.44
2004,11,9,3,30,25.8,0,0,0,0,0,0,75
2004,11,9,4,30,25.700000000000003,0,0,0,0,0,0,74.57000000000001
2004,11,9,5,30,25.6,0,0,0,0,0,0,73.63
2004,11,9,6,30,25.5,0,0,0,0,0,0,72.3
2004,11,9,7,30,25.400000000000002,0,0,0,0,0,0,71.31
2004,11,9,8,30,25.400000000000002,0,0,0,0,0,0,70.14
2004,11,9,9,30,25.3,0,0,0,0,0,0,69.67
2004,11,9,10,30,25.1,0,0,0,0,0,0,69.73
2004,11,9,11,30,25,0,0,0,0,0,0,68.88
2004,11,9,12,30,24.8,0,0,0,0,0,0,67.78
2004,11,9,13,30,24.8,211,33,21,0,21,21,66.07000000000001
2004,11,9,14,30,25.200000000000003,634,233,60,132,142,178,64.96000000000001
2004,11,9,15,30,25.8,798,449,77,798,77,449,61.33
2004,11,9,16,30,26.5,876,630,87,876,87,630,58.72
2004,11,9,17,30,27.3,917,755,91,917,91,755,56.1
2004,11,9,18,30,27.900000000000002,927,811,96,927,96,811,53.59
2004,11,9,19,30,28.3,923,795,96,923,96,795,50.36
2004,11,9,20,30,28.3,899,708,92,899,92,708,53
2004,11,9,21,30,28.3,836,556,88,364,225,429,56.480000000000004
2004,11,9,22,30,27.900000000000002,730,357,74,117,182,227,60.730000000000004
2004,11,9,23,30,27.200000000000003,496,139,49,202,88,125,66.55
2004,11,10,0,30,26.400000000000002,0,0,0,0,0,0,73.76
2004,11,10,1,30,26,0,0,0,0,0,0,75.69
2004,11,10,2,30,25.900000000000002,0,0,0,0,0,0,76.09
2004,11,10,3,30,25.8,0,0,0,0,0,0,75.98
2004,11,10,4,30,25.700000000000003,0,0,0,0,0,0,75.54
2004,11,10,5,30,25.6,0,0,0,0,0,0,74.85000000000001
2004,11,10,6,30,25.400000000000002,0,0,0,0,0,0,74.42
2004,11,10,7,30,25.1,0,0,0,0,0,0,74.26
2004,11,10,8,30,24.900000000000002,0,0,0,0,0,0,73.33
2004,11,10,9,30,24.700000000000003,0,0,0,0,0,0,72.69
2004,11,10,10,30,24.6,0,0,0,0,0,0,71.92
2004,11,10,11,30,24.6,0,0,0,0,0,0,71.17
2004,11,10,12,30,24.6,0,0,0,0,0,0,70.77
2004,11,10,13,30,25,182,31,21,182,21,31,69.17
2004,11,10,14,30,25.8,603,227,63,603,63,227,68.99
2004,11,10,15,30,26.6,764,438,84,764,84,438,66.73
2004,11,10,16,30,27.1,844,617,96,844,96,617,66.38
2004,11,10,17,30,27.5,887,740,101,887,101,740,65.6
2004,11,10,18,30,27.8,914,800,98,914,98,800,64.75
2004,11,10,19,30,28,912,785,96,912,96,785,64.13
2004,11,10,20,30,28.1,892,700,91,892,91,700,64.04
2004,11,10,21,30,28,839,552,85,839,85,552,64.35
2004,11,10,22,30,27.700000000000003,737,355,71,737,71,355,65.23
2004,11,10,23,30,27.1,507,138,47,507,47,138,67.77
2004,11,11,0,30,26.3,0,0,0,0,0,0,73.75
2004,11,11,1,30,25.900000000000002,0,0,0,0,0,0,75.28
2004,11,11,2,30,25.700000000000003,0,0,0,0,0,0,75.15
2004,11,11,3,30,25.5,0,0,0,0,0,0,75.02
2004,11,11,4,30,25.3,0,0,0,0,0,0,75.12
2004,11,11,5,30,25.1,0,0,0,0,0,0,75.29
2004,11,11,6,30,24.900000000000002,0,0,0,0,0,0,75.53
2004,11,11,7,30,24.6,0,0,0,0,0,0,76.12
2004,11,11,8,30,24.5,0,0,0,0,0,0,75.9
2004,11,11,9,30,24.3,0,0,0,0,0,0,76.32000000000001
2004,11,11,10,30,24.1,0,0,0,0,0,0,76.63
2004,11,11,11,30,24,0,0,0,0,0,0,76.19
2004,11,11,12,30,23.900000000000002,0,0,0,0,0,0,75.42
2004,11,11,13,30,24.3,202,31,20,202,20,31,72.18
2004,11,11,14,30,25.1,638,230,59,65,144,161,69.12
2004,11,11,15,30,26,801,446,77,801,77,446,64.42
2004,11,11,16,30,26.8,881,627,86,881,86,627,62.71
2004,11,11,17,30,27.400000000000002,923,753,91,923,91,753,61.230000000000004
2004,11,11,18,30,27.700000000000003,946,814,90,946,90,814,60.660000000000004
2004,11,11,19,30,27.8,944,798,89,944,89,798,60.800000000000004
2004,11,11,20,30,27.8,921,711,85,921,85,711,61.050000000000004
2004,11,11,21,30,27.700000000000003,871,560,78,871,78,560,61.300000000000004
2004,11,11,22,30,27.3,770,361,66,770,66,361,62.49
2004,11,11,23,30,26.6,541,140,44,541,44,140,65.39
2004,11,12,0,30,25.900000000000002,0,0,0,0,0,0,70.37
2004,11,12,1,30,25.5,0,0,0,0,0,0,71.82000000000001
2004,11,12,2,30,25.3,0,0,0,0,0,0,72.10000000000001
2004,11,12,3,30,25.200000000000003,0,0,0,0,0,0,72.13
2004,11,12,4,30,25,0,0,0,0,0,0,72.91
2004,11,12,5,30,24.900000000000002,0,0,0,0,0,0,73.32000000000001
2004,11,12,6,30,24.8,0,0,0,0,0,0,73.2
2004,11,12,7,30,24.6,0,0,0,0,0,0,72.72
2004,11,12,8,30,24.400000000000002,0,0,0,0,0,0,71.83
2004,11,12,9,30,24.200000000000003,0,0,0,0,0,0,71.06
2004,11,12,10,30,24,0,0,0,0,0,0,70.26
2004,11,12,11,30,23.8,0,0,0,0,0,0,69.61
2004,11,12,12,30,23.6,0,0,0,0,0,0,69.25
2004,11,12,13,30,23.900000000000002,189,29,20,189,20,29,66.96000000000001
2004,11,12,14,30,24.6,623,225,60,25,136,143,64.66
2004,11,12,15,30,25.6,791,440,78,791,78,440,60.02
2004,11,12,16,30,26.5,870,620,89,870,89,620,57.26
2004,11,12,17,30,27.200000000000003,908,745,96,908,96,745,53.15
2004,11,12,18,30,27.5,904,797,109,904,109,797,51.5
2004,11,12,19,30,27.6,897,780,108,897,108,780,52.68
2004,11,12,20,30,27.6,869,693,105,869,105,693,55.13
2004,11,12,21,30,27.3,828,546,89,828,89,546,58.72
2004,11,12,22,30,26.900000000000002,717,348,75,717,75,348,62.53
2004,11,12,23,30,26.1,478,133,48,478,48,133,67.95
2004,11,13,0,30,25.400000000000002,0,0,0,0,0,0,74.09
2004,11,13,1,30,25.1,0,0,0,0,0,0,75.17
2004,11,13,2,30,25,0,0,0,0,0,0,74.29
2004,11,13,3,30,24.900000000000002,0,0,0,0,0,0,74
2004,11,13,4,30,24.8,0,0,0,0,0,0,74.57000000000001
2004,11,13,5,30,24.8,0,0,0,0,0,0,74.44
2004,11,13,6,30,24.700000000000003,0,0,0,0,0,0,74.61
2004,11,13,7,30,24.5,0,0,0,0,0,0,75.21000000000001
2004,11,13,8,30,24.400000000000002,0,0,0,0,0,0,75.65
2004,11,13,9,30,24.200000000000003,0,0,0,0,0,0,76.89
2004,11,13,10,30,24.1,0,0,0,0,0,0,77.55
2004,11,13,11,30,24,0,0,0,0,0,0,78.12
2004,11,13,12,30,23.900000000000002,0,0,0,0,0,0,78.83
2004,11,13,13,30,24.1,70,23,20,70,20,23,78.28
2004,11,13,14,30,24.700000000000003,471,203,80,2,95,95,76.94
2004,11,13,15,30,25.200000000000003,658,408,109,658,109,408,75.8
2004,11,13,16,30,25.6,761,584,122,761,122,584,75.63
2004,11,13,17,30,26,813,707,128,813,128,707,74.48
2004,11,13,18,30,26.3,808,758,145,808,145,758,73.29
2004,11,13,19,30,26.400000000000002,806,744,142,806,142,744,72.71000000000001
2004,11,13,20,30,26.5,785,662,132,785,132,662,72.47
2004,11,13,21,30,26.5,649,505,148,649,148,505,72.34
2004,11,13,22,30,26.400000000000002,537,318,115,537,115,318,72.46000000000001
2004,11,13,23,30,26.1,300,117,65,300,65,117,73.55
2004,11,14,0,30,25.700000000000003,0,0,0,0,0,0,76.75
2004,11,14,1,30,25.6,0,0,0,0,0,0,77.57000000000001
2004,11,14,2,30,25.5,0,0,0,0,0,0,77.82000000000001
2004,11,14,3,30,25.400000000000002,0,0,0,0,0,0,78.09
2004,11,14,4,30,25.400000000000002,0,0,0,0,0,0,78.01
2004,11,14,5,30,25.3,0,0,0,0,0,0,78.37
2004,11,14,6,30,25.200000000000003,0,0,0,0,0,0,78.89
2004,11,14,7,30,25.1,0,0,0,0,0,0,79.53
2004,11,14,8,30,25,0,0,0,0,0,0,79.97
2004,11,14,9,30,24.900000000000002,0,0,0,0,0,0,80.14
2004,11,14,10,30,24.900000000000002,0,0,0,0,0,0,79.74
2004,11,14,11,30,24.8,0,0,0,0,0,0,79.85000000000001
2004,11,14,12,30,24.8,0,0,0,0,0,0,79.57000000000001
2004,11,14,13,30,25,57,21,18,0,8,8,77.91
2004,11,14,14,30,25.400000000000002,456,198,79,0,7,7,76.74
2004,11,14,15,30,26,653,402,107,7,118,121,75.42
2004,11,14,16,30,26.400000000000002,753,576,121,29,272,290,75.21000000000001
2004,11,14,17,30,26.8,806,698,127,45,284,316,74.3
2004,11,14,18,30,27.1,844,758,120,283,378,592,72.96000000000001
2004,11,14,19,30,27.200000000000003,833,741,122,221,388,552,72.46000000000001
2004,11,14,20,30,27.200000000000003,802,657,118,21,291,305,73.13
2004,11,14,21,30,26.900000000000002,750,514,104,248,273,408,75.09
2004,11,14,22,30,26.5,640,326,84,88,200,233,77.4
2004,11,14,23,30,25.900000000000002,392,121,52,392,52,121,80.59
2004,11,15,0,30,25.400000000000002,0,0,0,0,0,0,83.72
2004,11,15,1,30,25,0,0,0,0,0,0,85.47
2004,11,15,2,30,24.8,0,0,0,0,0,0,85.69
2004,11,15,3,30,24.700000000000003,0,0,0,0,0,0,85.25
2004,11,15,4,30,24.6,0,0,0,0,0,0,84.57000000000001
2004,11,15,5,30,24.5,0,0,0,0,0,0,83.84
2004,11,15,6,30,24.5,0,0,0,0,0,0,82.88
2004,11,15,7,30,24.5,0,0,0,0,0,0,82.06
2004,11,15,8,30,24.400000000000002,0,0,0,0,0,0,81.71000000000001
2004,11,15,9,30,24.400000000000002,0,0,0,0,0,0,80.31
2004,11,15,10,30,24.3,0,0,0,0,0,0,79.52
2004,11,15,11,30,24.3,0,0,0,0,0,0,78.88
2004,11,15,12,30,24.3,0,0,0,0,0,0,78.66
2004,11,15,13,30,24.8,152,24,17,0,10,10,76.44
2004,11,15,14,30,25.6,594,209,56,0,4,4,74.24
2004,11,15,15,30,26.400000000000002,770,418,73,0,26,26,69.87
2004,11,15,16,30,27,853,594,81,0,27,27,67.12
2004,11,15,17,30,27.400000000000002,894,716,86,1,145,146,65.62
2004,11,15,18,30,27.6,895,769,96,0,51,51,64.86
2004,11,15,19,30,27.700000000000003,887,754,97,0,61,61,64.83
2004,11,15,20,30,27.6,859,670,94,639,167,596,65.88
2004,11,15,21,30,27.5,785,521,93,110,242,302,66.87
2004,11,15,22,30,27.200000000000003,672,330,78,422,134,292,68.69
2004,11,15,23,30,26.700000000000003,428,123,49,29,84,89,71.66
2004,11,16,0,30,26.200000000000003,0,0,0,0,0,0,76.2
2004,11,16,1,30,25.900000000000002,0,0,0,0,0,0,78.11
2004,11,16,2,30,25.8,0,0,0,0,0,0,78.08
2004,11,16,3,30,25.6,0,0,0,0,0,0,78.69
2004,11,16,4,30,25.400000000000002,0,0,0,0,0,0,79.8
2004,11,16,5,30,25.200000000000003,0,0,0,0,0,0,80.81
2004,11,16,6,30,25,0,0,0,0,0,0,81.62
2004,11,16,7,30,24.8,0,0,0,0,0,0,82.67
2004,11,16,8,30,24.6,0,0,0,0,0,0,83.71000000000001
2004,11,16,9,30,24.400000000000002,0,0,0,0,0,0,84.31
2004,11,16,10,30,24.3,0,0,0,0,0,0,84.15
2004,11,16,11,30,24.200000000000003,0,0,0,0,0,0,83.86
2004,11,16,12,30,24.1,0,0,0,0,0,0,83.18
2004,11,16,13,30,24.400000000000002,141,22,17,0,7,7,80.61
2004,11,16,14,30,25.200000000000003,585,205,56,0,42,42,76.99
2004,11,16,15,30,25.900000000000002,756,411,74,225,217,318,71.66
2004,11,16,16,30,26.3,840,586,84,1,174,175,70.10000000000001
2004,11,16,17,30,26.5,885,708,87,0,104,104,70.81
2004,11,16,18,30,26.700000000000003,895,764,93,0,132,132,71.51
2004,11,16,19,30,26.8,895,751,91,0,112,112,72.17
2004,11,16,20,30,26.700000000000003,876,669,85,0,88,88,72.9
2004,11,16,21,30,26.6,824,525,78,92,284,334,72.9
2004,11,16,22,30,26.400000000000002,731,336,63,0,30,30,72.95
2004,11,16,23,30,26,506,127,41,0,20,20,74.10000000000001
2004,11,17,0,30,25.5,0,0,0,0,0,0,78.2
2004,11,17,1,30,25.3,0,0,0,0,0,0,78.95
2004,11,17,2,30,25.1,0,0,0,0,0,0,79.39
2004,11,17,3,30,24.900000000000002,0,0,0,0,0,0,80.03
2004,11,17,4,30,24.700000000000003,0,0,0,0,0,0,80.92
2004,11,17,5,30,24.5,0,0,0,0,0,0,81.68
2004,11,17,6,30,24.3,0,0,0,0,0,0,82.4
2004,11,17,7,30,24.200000000000003,0,0,0,0,0,0,82.48
2004,11,17,8,30,24,0,0,0,0,0,0,82.91
2004,11,17,9,30,23.900000000000002,0,0,0,0,0,0,82.77
2004,11,17,10,30,23.8,0,0,0,0,0,0,82.36
2004,11,17,11,30,23.6,0,0,0,0,0,0,82.33
2004,11,17,12,30,23.5,0,0,0,0,0,0,81.74
2004,11,17,13,30,23.900000000000002,216,23,15,216,15,23,78.71000000000001
2004,11,17,14,30,24.8,661,214,48,661,48,214,74.75
2004,11,17,15,30,25.6,818,425,62,818,62,425,70.5
2004,11,17,16,30,26.3,894,602,70,894,70,602,67.98
2004,11,17,17,30,26.8,931,726,75,931,75,726,65.69
2004,11,17,18,30,27,944,783,78,944,78,783,64.76
2004,11,17,19,30,27.200000000000003,944,771,77,944,77,771,63.72
2004,11,17,20,30,27.400000000000002,924,687,73,924,73,687,62.76
2004,11,17,21,30,27.400000000000002,873,541,69,370,243,444,62.660000000000004
2004,11,17,22,30,27.200000000000003,778,347,58,778,58,347,63.480000000000004
2004,11,17,23,30,26.5,559,133,38,49,88,96,66.83
2004,11,18,0,30,25.6,0,0,0,0,0,0,73.33
2004,11,18,1,30,25.1,0,0,0,0,0,0,75.55
2004,11,18,2,30,24.8,0,0,0,0,0,0,76.66
2004,11,18,3,30,24.6,0,0,0,0,0,0,77.31
2004,11,18,4,30,24.5,0,0,0,0,0,0,77.24
2004,11,18,5,30,24.400000000000002,0,0,0,0,0,0,77.03
2004,11,18,6,30,24.3,0,0,0,0,0,0,76.88
2004,11,18,7,30,24.200000000000003,0,0,0,0,0,0,76.7
2004,11,18,8,30,24.1,0,0,0,0,0,0,76.24
2004,11,18,9,30,24,0,0,0,0,0,0,75.68
2004,11,18,10,30,23.900000000000002,0,0,0,0,0,0,74.97
2004,11,18,11,30,23.8,0,0,0,0,0,0,73.95
2004,11,18,12,30,23.700000000000003,0,0,0,0,0,0,72.84
2004,11,18,13,30,23.900000000000002,213,23,15,0,10,10,71.02
2004,11,18,14,30,24.6,668,214,48,668,48,214,69.45
2004,11,18,15,30,25.400000000000002,828,426,62,828,62,426,65.59
2004,11,18,16,30,26.1,902,605,70,494,201,494,65.16
2004,11,18,17,30,26.6,940,729,75,379,322,585,65.77
2004,11,18,18,30,26.900000000000002,948,787,81,948,81,787,66.91
2004,11,18,19,30,27,944,773,81,730,130,664,68.11
2004,11,18,20,30,27,920,687,77,646,165,593,69.02
2004,11,18,21,30,26.900000000000002,851,537,78,243,281,413,69.58
2004,11,18,22,30,26.6,747,343,66,182,195,263,70.42
2004,11,18,23,30,25.900000000000002,509,129,43,214,77,113,73.37
2004,11,19,0,30,25.3,0,0,0,0,0,0,77.10000000000001
2004,11,19,1,30,25,0,0,0,0,0,0,77.78
2004,11,19,2,30,24.900000000000002,0,0,0,0,0,0,77.41
2004,11,19,3,30,24.700000000000003,0,0,0,0,0,0,77.39
2004,11,19,4,30,24.6,0,0,0,0,0,0,76.66
2004,11,19,5,30,24.400000000000002,0,0,0,0,0,0,76.65
2004,11,19,6,30,24.200000000000003,0,0,0,0,0,0,76.9
2004,11,19,7,30,24.1,0,0,0,0,0,0,76.88
2004,11,19,8,30,24,0,0,0,0,0,0,77.01
2004,11,19,9,30,23.900000000000002,0,0,0,0,0,0,77.24
2004,11,19,10,30,23.900000000000002,0,0,0,0,0,0,76.81
2004,11,19,11,30,23.900000000000002,0,0,0,0,0,0,76.01
2004,11,19,12,30,24,0,0,0,0,0,0,75.01
2004,11,19,13,30,24.200000000000003,136,20,15,136,15,20,73.95
2004,11,19,14,30,24.700000000000003,601,203,55,601,55,203,73.4
2004,11,19,15,30,25.400000000000002,776,411,72,776,72,411,70.01
2004,11,19,16,30,25.900000000000002,860,588,81,860,81,588,68
2004,11,19,17,30,26.3,904,713,86,904,86,713,66.8
2004,11,19,18,30,26.700000000000003,927,772,85,927,85,772,65.32000000000001
2004,11,19,19,30,26.900000000000002,924,759,84,924,84,759,64.67
2004,11,19,20,30,26.900000000000002,903,677,81,903,81,677,65.03
2004,11,19,21,30,26.8,861,533,70,861,70,533,65.63
2004,11,19,22,30,26.5,761,341,60,761,60,341,66.88
2004,11,19,23,30,26,528,128,40,528,40,128,69.31
2004,11,20,0,30,25.3,0,0,0,0,0,0,74.85000000000001
2004,11,20,1,30,25,0,0,0,0,0,0,76.41
2004,11,20,2,30,24.700000000000003,0,0,0,0,0,0,77.19
2004,11,20,3,30,24.6,0,0,0,0,0,0,76.79
2004,11,20,4,30,24.400000000000002,0,0,0,0,0,0,76.56
2004,11,20,5,30,24.3,0,0,0,0,0,0,75.64
2004,11,20,6,30,24.1,0,0,0,0,0,0,74.99
2004,11,20,7,30,24,0,0,0,0,0,0,74.19
2004,11,20,8,30,23.8,0,0,0,0,0,0,74.46000000000001
2004,11,20,9,30,23.700000000000003,0,0,0,0,0,0,74.65
2004,11,20,10,30,23.5,0,0,0,0,0,0,75.33
2004,11,20,11,30,23.400000000000002,0,0,0,0,0,0,75.83
2004,11,20,12,30,23.3,0,0,0,0,0,0,76.32000000000001
2004,11,20,13,30,23.6,112,18,14,0,7,7,74.81
2004,11,20,14,30,24.200000000000003,578,197,57,6,73,74,73.02
2004,11,20,15,30,24.900000000000002,755,404,76,79,232,266,70.73
2004,11,20,16,30,25.5,839,580,88,504,158,454,69.08
2004,11,20,17,30,25.8,877,701,96,168,367,484,68.33
2004,11,20,18,30,26.1,895,759,98,895,98,759,68.11
2004,11,20,19,30,26.200000000000003,889,745,98,889,98,745,68.54
2004,11,20,20,30,26.200000000000003,863,663,94,863,94,663,68.98
2004,11,20,21,30,26.1,763,511,102,763,102,511,69.11
2004,11,20,22,30,25.900000000000002,644,322,85,644,85,322,69.69
2004,11,20,23,30,25.400000000000002,382,117,53,382,53,117,71.98
2004,11,21,0,30,24.900000000000002,0,0,0,0,0,0,76.25
2004,11,21,1,30,24.6,0,0,0,0,0,0,77.55
2004,11,21,2,30,24.5,0,0,0,0,0,0,77.66
2004,11,21,3,30,24.5,0,0,0,0,0,0,76.97
2004,11,21,4,30,24.400000000000002,0,0,0,0,0,0,76.44
2004,11,21,5,30,24.400000000000002,0,0,0,0,0,0,74.92
2004,11,21,6,30,24.200000000000003,0,0,0,0,0,0,73.75
2004,11,21,7,30,24,0,0,0,0,0,0,73.95
2004,11,21,8,30,23.900000000000002,0,0,0,0,0,0,74.91
2004,11,21,9,30,23.900000000000002,0,0,0,0,0,0,77.11
2004,11,21,10,30,23.900000000000002,0,0,0,0,0,0,78.71000000000001
2004,11,21,11,30,23.8,0,0,0,0,0,0,79.46000000000001
2004,11,21,12,30,23.8,0,0,0,0,0,0,78.92
2004,11,21,13,30,24.1,63,15,14,0,10,10,76.78
2004,11,21,14,30,24.8,506,190,68,11,89,92,74.83
2004,11,21,15,30,25.5,701,395,93,194,209,293,70.33
2004,11,21,16,30,26,804,573,104,318,236,421,68.35000000000001
2004,11,21,17,30,26.400000000000002,859,700,109,462,239,557,67.02
2004,11,21,18,30,26.6,879,759,112,336,311,558,66.43
2004,11,21,19,30,26.6,883,748,108,369,292,559,66.67
2004,11,21,20,30,26.6,864,668,101,398,270,532,67.24
2004,11,21,21,30,26.5,810,524,91,186,288,388,68.58
2004,11,21,22,30,26.1,699,332,76,109,199,239,71.04
2004,11,21,23,30,25.6,451,123,48,52,88,97,74.19
2004,11,22,0,30,25,0,0,0,0,0,0,78.54
2004,11,22,1,30,24.700000000000003,0,0,0,0,0,0,80.22
2004,11,22,2,30,24.400000000000002,0,0,0,0,0,0,81.48
2004,11,22,3,30,24.200000000000003,0,0,0,0,0,0,81.88
2004,11,22,4,30,24.1,0,0,0,0,0,0,82.08
2004,11,22,5,30,24,0,0,0,0,0,0,82.53
2004,11,22,6,30,23.900000000000002,0,0,0,0,0,0,82.8
2004,11,22,7,30,23.8,0,0,0,0,0,0,82.85000000000001
2004,11,22,8,30,23.6,0,0,0,0,0,0,83.26
2004,11,22,9,30,23.6,0,0,0,0,0,0,82.73
2004,11,22,10,30,23.5,0,0,0,0,0,0,82.71000000000001
2004,11,22,11,30,23.5,0,0,0,0,0,0,81.79
2004,11,22,12,30,23.400000000000002,0,0,0,0,0,0,81.35000000000001
2004,11,22,13,30,23.700000000000003,91,16,13,0,8,8,79.03
2004,11,22,14,30,24.3,562,193,60,0,60,60,77.73
2004,11,22,15,30,24.900000000000002,748,401,80,347,175,324,75.18
2004,11,22,16,30,25.3,836,577,92,597,148,494,73.66
2004,11,22,17,30,25.6,881,702,98,268,352,536,72.5
2004,11,22,18,30,25.900000000000002,898,759,100,686,154,657,72.16
2004,11,22,19,30,26,896,747,99,689,173,670,72.76
2004,11,22,20,30,26,873,665,94,403,296,560,73.17
2004,11,22,21,30,25.900000000000002,820,521,85,820,85,521,73.34
2004,11,22,22,30,25.700000000000003,717,332,70,235,179,265,73.37
2004,11,22,23,30,25.3,481,123,44,173,80,109,75.12
2004,11,23,0,30,24.700000000000003,0,0,0,0,0,0,79.83
2004,11,23,1,30,24.400000000000002,0,0,0,0,0,0,81.07000000000001
2004,11,23,2,30,24.1,0,0,0,0,0,0,82.39
2004,11,23,3,30,23.900000000000002,0,0,0,0,0,0,83.47
2004,11,23,4,30,23.8,0,0,0,0,0,0,84.02
2004,11,23,5,30,23.700000000000003,0,0,0,0,0,0,84.32000000000001
2004,11,23,6,30,23.5,0,0,0,0,0,0,84.98
2004,11,23,7,30,23.3,0,0,0,0,0,0,85.17
2004,11,23,8,30,23.200000000000003,0,0,0,0,0,0,84.55
2004,11,23,9,30,23,0,0,0,0,0,0,84.66
2004,11,23,10,30,22.900000000000002,0,0,0,0,0,0,84.39
2004,11,23,11,30,22.8,0,0,0,0,0,0,84.43
2004,11,23,12,30,22.8,0,0,0,0,0,0,84.48
2004,11,23,13,30,23,87,15,12,0,4,4,83.41
2004,11,23,14,30,23.6,557,187,56,114,119,146,81.27
2004,11,23,15,30,24.1,739,392,77,322,162,299,78.57000000000001
2004,11,23,16,30,24.5,824,566,89,56,283,315,77.96000000000001
2004,11,23,17,30,24.8,868,688,96,683,140,606,77.59
2004,11,23,18,30,25.1,879,744,102,368,339,608,76.77
2004,11,23,19,30,25.200000000000003,880,734,100,154,317,428,76.58
2004,11,23,20,30,25.3,859,655,94,313,315,519,75.95
2004,11,23,21,30,25.200000000000003,827,518,79,435,188,419,75.74
2004,11,23,22,30,25,727,331,66,362,140,272,75.56
2004,11,23,23,30,24.6,493,123,42,493,42,123,76.39
2004,11,24,0,30,24.1,0,0,0,0,0,0,79.4
2004,11,24,1,30,23.8,0,0,0,0,0,0,80.48
2004,11,24,2,30,23.5,0,0,0,0,0,0,81.11
2004,11,24,3,30,23.3,0,0,0,0,0,0,81.4
2004,11,24,4,30,23.1,0,0,0,0,0,0,81.78
2004,11,24,5,30,23,0,0,0,0,0,0,81.51
2004,11,24,6,30,22.8,0,0,0,0,0,0,81.33
2004,11,24,7,30,22.6,0,0,0,0,0,0,80.81
2004,11,24,8,30,22.400000000000002,0,0,0,0,0,0,79.89
2004,11,24,9,30,22.200000000000003,0,0,0,0,0,0,78.95
2004,11,24,10,30,22.1,0,0,0,0,0,0,77.72
2004,11,24,11,30,22,0,0,0,0,0,0,76.7
2004,11,24,12,30,21.900000000000002,0,0,0,0,0,0,75.92
2004,11,24,13,30,22.1,145,15,12,145,12,15,73.67
2004,11,24,14,30,22.8,653,201,49,653,49,201,69.95
2004,11,24,15,30,23.700000000000003,828,415,65,298,203,330,65.78
2004,11,24,16,30,24.5,911,597,72,911,72,597,64.98
2004,11,24,17,30,25,956,726,76,956,76,726,64.05
2004,11,24,18,30,25.400000000000002,968,786,80,556,293,698,62.42
2004,11,24,19,30,25.700000000000003,971,776,79,971,79,776,61.89
2004,11,24,20,30,25.700000000000003,950,693,74,950,74,693,62.77
2004,11,24,21,30,25.6,892,545,72,892,72,545,63.64
2004,11,24,22,30,25.3,794,350,61,794,61,350,65.05
2004,11,24,23,30,24.6,561,132,40,561,40,132,68.67
2004,11,25,0,30,23.8,0,0,0,0,0,0,74.66
2004,11,25,1,30,23.400000000000002,0,0,0,0,0,0,76.15
2004,11,25,2,30,23.200000000000003,0,0,0,0,0,0,76.2
2004,11,25,3,30,23,0,0,0,0,0,0,76.22
2004,11,25,4,30,22.8,0,0,0,0,0,0,76.25
2004,11,25,5,30,22.700000000000003,0,0,0,0,0,0,75.8
2004,11,25,6,30,22.400000000000002,0,0,0,0,0,0,76.31
2004,11,25,7,30,22.200000000000003,0,0,0,0,0,0,76.37
2004,11,25,8,30,22,0,0,0,0,0,0,76.57000000000001
2004,11,25,9,30,21.8,0,0,0,0,0,0,76.55
2004,11,25,10,30,21.700000000000003,0,0,0,0,0,0,75.9
2004,11,25,11,30,21.6,0,0,0,0,0,0,75.15
2004,11,25,12,30,21.5,0,0,0,0,0,0,74.26
2004,11,25,13,30,21.6,152,15,12,0,7,7,72.61
2004,11,25,14,30,22.200000000000003,669,201,47,1,35,35,70.68
2004,11,25,15,30,22.8,841,416,63,113,208,255,66.9
2004,11,25,16,30,23.6,924,598,69,582,170,503,63.74
2004,11,25,17,30,24.400000000000002,966,726,72,725,135,626,60.52
2004,11,25,18,30,25,966,785,83,668,173,658,56.620000000000005
2004,11,25,19,30,25.400000000000002,966,773,81,524,246,621,53.660000000000004
2004,11,25,20,30,25.6,946,691,77,143,318,410,52.730000000000004
2004,11,25,21,30,25.6,888,542,72,68,215,251,53.61
2004,11,25,22,30,25.3,789,347,61,469,129,300,56.17
2004,11,25,23,30,24.6,554,131,40,151,80,105,61.79
2004,11,26,0,30,23.900000000000002,0,0,0,0,0,0,68.84
2004,11,26,1,30,23.700000000000003,0,0,0,0,0,0,69.62
2004,11,26,2,30,23.5,0,0,0,0,0,0,70.46000000000001
2004,11,26,3,30,23.3,0,0,0,0,0,0,70.86
2004,11,26,4,30,23.1,0,0,0,0,0,0,71.08
2004,11,26,5,30,22.900000000000002,0,0,0,0,0,0,70.92
2004,11,26,6,30,22.700000000000003,0,0,0,0,0,0,70.34
2004,11,26,7,30,22.6,0,0,0,0,0,0,69.14
2004,11,26,8,30,22.5,0,0,0,0,0,0,67.92
2004,11,26,9,30,22.3,0,0,0,0,0,0,67.5
2004,11,26,10,30,22.1,0,0,0,0,0,0,67.38
2004,11,26,11,30,21.900000000000002,0,0,0,0,0,0,67.42
2004,11,26,12,30,21.8,0,0,0,0,0,0,67.42
2004,11,26,13,30,22.200000000000003,124,13,11,124,11,13,65.47
2004,11,26,14,30,23.3,618,188,48,618,48,188,63.32
2004,11,26,15,30,24.3,789,395,66,789,66,395,57.36
2004,11,26,16,30,25,867,570,76,867,76,570,54.32
2004,11,26,17,30,25.6,908,694,82,908,82,694,52.33
2004,11,26,18,30,26,927,753,82,927,82,753,51.370000000000005
2004,11,26,19,30,26.200000000000003,927,742,80,927,80,742,52.18
2004,11,26,20,30,26.3,906,663,76,906,76,663,53.44
2004,11,26,21,30,26.200000000000003,848,520,73,332,246,421,55.07
2004,11,26,22,30,26,742,331,63,742,63,331,56.52
2004,11,26,23,30,25.400000000000002,503,123,41,503,41,123,60.49
2004,11,27,0,30,25,0,0,0,0,0,0,64.56
2004,11,27,1,30,24.8,0,0,0,0,0,0,64.62
2004,11,27,2,30,24.5,0,0,0,0,0,0,65.78
2004,11,27,3,30,24.200000000000003,0,0,0,0,0,0,68.83
2004,11,27,4,30,23.900000000000002,0,0,0,0,0,0,72.16
2004,11,27,5,30,23.700000000000003,0,0,0,0,0,0,73.95
2004,11,27,6,30,23.5,0,0,0,0,0,0,75.29
2004,11,27,7,30,23.3,0,0,0,0,0,0,76.37
2004,11,27,8,30,23.200000000000003,0,0,0,0,0,0,76.78
2004,11,27,9,30,23,0,0,0,0,0,0,77.05
2004,11,27,10,30,23,0,0,0,0,0,0,75.61
2004,11,27,11,30,22.900000000000002,0,0,0,0,0,0,74.27
2004,11,27,12,30,23,0,0,0,0,0,0,72.19
2004,11,27,13,30,23.400000000000002,0,0,0,0,0,0,69.3
2004,11,27,14,30,24.3,620,186,47,620,47,186,66.83
2004,11,27,15,30,25.1,798,394,63,798,63,394,61.63
2004,11,27,16,30,26,881,571,72,881,72,571,58.660000000000004
2004,11,27,17,30,26.900000000000002,923,697,77,923,77,697,55.83
2004,11,27,18,30,27.400000000000002,941,757,78,941,78,757,54.72
2004,11,27,19,30,27.6,940,747,77,940,77,747,55.24
2004,11,27,20,30,27.6,920,668,74,920,74,668,56.18
2004,11,27,21,30,27.5,872,526,67,872,67,526,57.15
2004,11,27,22,30,27.200000000000003,777,337,56,777,56,337,58.77
2004,11,27,23,30,26.3,555,127,36,555,36,127,63.9
2004,11,28,0,30,25.400000000000002,0,0,0,0,0,0,69.25
2004,11,28,1,30,24.900000000000002,0,0,0,0,0,0,70.67
2004,11,28,2,30,24.6,0,0,0,0,0,0,71.42
2004,11,28,3,30,24.5,0,0,0,0,0,0,70.89
2004,11,28,4,30,24.3,0,0,0,0,0,0,70.64
2004,11,28,5,30,24.1,0,0,0,0,0,0,70.39
2004,11,28,6,30,23.8,0,0,0,0,0,0,70.45
2004,11,28,7,30,23.5,0,0,0,0,0,0,70.42
2004,11,28,8,30,23.400000000000002,0,0,0,0,0,0,69.43
2004,11,28,9,30,23.3,0,0,0,0,0,0,68.35000000000001
2004,11,28,10,30,23.3,0,0,0,0,0,0,66.73
2004,11,28,11,30,23.3,0,0,0,0,0,0,65.21000000000001
2004,11,28,12,30,23.3,0,0,0,0,0,0,63.82
2004,11,28,13,30,23.8,0,0,0,0,0,0,60.82
2004,11,28,14,30,24.8,655,189,44,655,44,189,59.17
2004,11,28,15,30,25.8,826,399,59,826,59,399,55.49
2004,11,28,16,30,26.5,900,577,69,900,69,577,54.6
2004,11,28,17,30,26.8,936,701,75,936,75,701,55.53
2004,11,28,18,30,27,945,759,79,945,79,759,57.09
2004,11,28,19,30,27,941,749,80,941,80,749,59.24
2004,11,28,20,30,27,914,667,77,914,77,667,60.95
2004,11,28,21,30,26.8,869,526,69,869,69,526,62.83
2004,11,28,22,30,26.400000000000002,767,336,59,767,59,336,64.9
2004,11,28,23,30,25.8,534,126,39,534,39,126,68.37
2004,11,29,0,30,25.200000000000003,0,0,0,0,0,0,73.18
2004,11,29,1,30,24.8,0,0,0,0,0,0,74.37
2004,11,29,2,30,24.6,0,0,0,0,0,0,74.46000000000001
2004,11,29,3,30,24.400000000000002,0,0,0,0,0,0,74.36
2004,11,29,4,30,24.200000000000003,0,0,0,0,0,0,74.55
2004,11,29,5,30,24.1,0,0,0,0,0,0,74.77
2004,11,29,6,30,23.900000000000002,0,0,0,0,0,0,75.51
2004,11,29,7,30,23.8,0,0,0,0,0,0,75.88
2004,11,29,8,30,23.6,0,0,0,0,0,0,76.84
2004,11,29,9,30,23.5,0,0,0,0,0,0,76.5
2004,11,29,10,30,23.5,0,0,0,0,0,0,75.02
2004,11,29,11,30,23.5,0,0,0,0,0,0,73.32000000000001
2004,11,29,12,30,23.400000000000002,0,0,0,0,0,0,72.08
2004,11,29,13,30,23.700000000000003,0,0,0,0,0,0,69.03
2004,11,29,14,30,24.6,635,184,45,635,45,184,66.85
2004,11,29,15,30,25.6,813,393,60,813,60,393,61.78
2004,11,29,16,30,26.3,892,570,68,892,68,570,59.56
2004,11,29,17,30,26.900000000000002,933,695,73,933,73,695,58.52
2004,11,29,18,30,27.3,951,756,74,951,74,756,57.49
2004,11,29,19,30,27.5,948,746,74,948,74,746,57.25
2004,11,29,20,30,27.5,925,667,72,925,72,667,57.75
2004,11,29,21,30,27.400000000000002,865,524,71,865,71,524,58.47
2004,11,29,22,30,26.900000000000002,763,335,60,763,60,335,60.68
2004,11,29,23,30,26,527,125,40,527,40,125,66.49
2004,11,30,0,30,25,0,0,0,0,0,0,74.26
2004,11,30,1,30,24.6,0,0,0,0,0,0,76.91
2004,11,30,2,30,24.200000000000003,0,0,0,0,0,0,79.51
2004,11,30,3,30,24,0,0,0,0,0,0,80.75
2004,11,30,4,30,23.8,0,0,0,0,0,0,81.32000000000001
2004,11,30,5,30,23.6,0,0,0,0,0,0,81.41
2004,11,30,6,30,23.400000000000002,0,0,0,0,0,0,81.10000000000001
2004,11,30,7,30,23.3,0,0,0,0,0,0,79.88
2004,11,30,8,30,23.1,0,0,0,0,0,0,79.07000000000001
2004,11,30,9,30,23.1,0,0,0,0,0,0,77.26
2004,11,30,10,30,23,0,0,0,0,0,0,76.03
2004,11,30,11,30,23,0,0,0,0,0,0,74.15
2004,11,30,12,30,22.900000000000002,0,0,0,0,0,0,73.27
2004,11,30,13,30,23.200000000000003,0,0,0,0,0,0,71.61
2004,11,30,14,30,24,612,179,46,612,46,179,70.29
2004,11,30,15,30,24.8,796,386,63,796,63,386,65.05
2004,11,30,16,30,25.5,878,563,72,878,72,563,63.190000000000005
2004,11,30,17,30,26.1,920,689,77,920,77,689,62.04
2004,11,30,18,30,26.400000000000002,930,747,82,930,82,747,62.1
2004,11,30,19,30,26.5,927,738,82,927,82,738,62.82
2004,11,30,20,30,26.6,901,658,80,901,80,658,63.52
2004,11,30,21,30,26.5,853,518,72,853,72,518,64.89
2004,11,30,22,30,26.200000000000003,749,331,61,237,176,261,67.08
2004,11,30,23,30,25.400000000000002,513,123,40,513,40,123,72.2
2004,12,1,0,30,24.700000000000003,0,0,0,0,0,0,77.48
2004,12,1,1,30,24.3,0,0,0,0,0,0,79.81
2004,12,1,2,30,24.1,0,0,0,0,0,0,81.22
2004,12,1,3,30,23.900000000000002,0,0,0,0,0,0,82.23
2004,12,1,4,30,23.8,0,0,0,0,0,0,82.05
2004,12,1,5,30,23.700000000000003,0,0,0,0,0,0,81.42
2004,12,1,6,30,23.6,0,0,0,0,0,0,80.58
2004,12,1,7,30,23.5,0,0,0,0,0,0,79.63
2004,12,1,8,30,23.400000000000002,0,0,0,0,0,0,78.59
2004,12,1,9,30,23.3,0,0,0,0,0,0,77.36
2004,12,1,10,30,23.1,0,0,0,0,0,0,76.92
2004,12,1,11,30,23,0,0,0,0,0,0,76.37
2004,12,1,12,30,22.900000000000002,0,0,0,0,0,0,75.74
2004,12,1,13,30,23,0,0,0,0,0,0,73.97
2004,12,1,14,30,23.6,551,170,52,0,24,24,72.28
2004,12,1,15,30,24.3,746,374,73,40,207,223,67.62
2004,12,1,16,30,25,837,550,84,303,270,439,65.43
2004,12,1,17,30,25.5,878,673,92,665,147,588,64.72
2004,12,1,18,30,25.8,898,734,93,618,183,624,65.27
2004,12,1,19,30,25.900000000000002,895,724,92,280,317,515,66.2
2004,12,1,20,30,25.8,868,646,90,165,301,406,67.45
2004,12,1,21,30,25.700000000000003,781,502,94,391,196,401,68.26
2004,12,1,22,30,25.5,664,317,78,369,142,274,69.39
2004,12,1,23,30,25.200000000000003,407,115,49,15,81,84,71.83
2004,12,2,0,30,24.8,0,0,0,0,0,0,75.81
2004,12,2,1,30,24.6,0,0,0,0,0,0,76.89
2004,12,2,2,30,24.3,0,0,0,0,0,0,78.73
2004,12,2,3,30,24.1,0,0,0,0,0,0,79.39
2004,12,2,4,30,24,0,0,0,0,0,0,79.03
2004,12,2,5,30,23.900000000000002,0,0,0,0,0,0,78.33
2004,12,2,6,30,23.8,0,0,0,0,0,0,77.32000000000001
2004,12,2,7,30,23.700000000000003,0,0,0,0,0,0,76.31
2004,12,2,8,30,23.700000000000003,0,0,0,0,0,0,75.08
2004,12,2,9,30,23.6,0,0,0,0,0,0,75.36
2004,12,2,10,30,23.6,0,0,0,0,0,0,75.64
2004,12,2,11,30,23.5,0,0,0,0,0,0,76.14
2004,12,2,12,30,23.5,0,0,0,0,0,0,75.87
2004,12,2,13,30,23.6,0,0,0,0,0,0,75.09
2004,12,2,14,30,24.3,524,165,54,327,88,157,73.81
2004,12,2,15,30,25,728,368,75,728,75,368,69.41
2004,12,2,16,30,25.8,824,543,87,824,87,543,65.39
2004,12,2,17,30,26.400000000000002,874,669,92,31,248,269,63.02
2004,12,2,18,30,26.8,898,732,93,898,93,732,61.44
2004,12,2,19,30,26.900000000000002,900,725,92,900,92,725,61.63
2004,12,2,20,30,26.900000000000002,878,649,87,878,87,649,62.4
2004,12,2,21,30,26.8,830,511,77,103,280,333,63.25
2004,12,2,22,30,26.5,726,326,65,726,65,326,64.75
2004,12,2,23,30,25.700000000000003,490,121,41,490,41,121,69.55
2004,12,3,0,30,25,0,0,0,0,0,0,75.62
2004,12,3,1,30,24.6,0,0,0,0,0,0,77.55
2004,12,3,2,30,24.400000000000002,0,0,0,0,0,0,78.38
2004,12,3,3,30,24.400000000000002,0,0,0,0,0,0,77.81
2004,12,3,4,30,24.400000000000002,0,0,0,0,0,0,77.23
2004,12,3,5,30,24.3,0,0,0,0,0,0,77.14
2004,12,3,6,30,24.1,0,0,0,0,0,0,77.43
2004,12,3,7,30,24,0,0,0,0,0,0,77.29
2004,12,3,8,30,23.900000000000002,0,0,0,0,0,0,77.33
2004,12,3,9,30,23.900000000000002,0,0,0,0,0,0,77.3
2004,12,3,10,30,23.900000000000002,0,0,0,0,0,0,77.32000000000001
2004,12,3,11,30,23.900000000000002,0,0,0,0,0,0,77.3
2004,12,3,12,30,23.8,0,0,0,0,0,0,77.41
2004,12,3,13,30,24,0,0,0,0,0,0,75.59
2004,12,3,14,30,24.6,546,163,49,546,49,163,73.8
2004,12,3,15,30,25.400000000000002,734,364,71,169,204,271,69.48
2004,12,3,16,30,25.900000000000002,820,537,85,291,265,426,68.02
2004,12,3,17,30,26.5,870,663,90,181,348,467,65.73
2004,12,3,18,30,26.8,858,717,109,858,109,717,64.99
2004,12,3,19,30,26.900000000000002,849,708,111,441,309,618,65.63
2004,12,3,20,30,26.8,818,631,109,649,176,591,66.75
2004,12,3,21,30,26.700000000000003,730,490,109,322,253,421,67.41
2004,12,3,22,30,26.6,606,308,91,297,156,263,67.53
2004,12,3,23,30,26,347,111,55,12,71,73,71.12
2004,12,4,0,30,25.3,0,0,0,0,0,0,76.93
2004,12,4,1,30,25,0,0,0,0,0,0,78.27
2004,12,4,2,30,24.8,0,0,0,0,0,0,78.88
2004,12,4,3,30,24.6,0,0,0,0,0,0,79.4
2004,12,4,4,30,24.5,0,0,0,0,0,0,79.14
2004,12,4,5,30,24.3,0,0,0,0,0,0,79.59
2004,12,4,6,30,24.1,0,0,0,0,0,0,79.83
2004,12,4,7,30,23.900000000000002,0,0,0,0,0,0,79.82000000000001
2004,12,4,8,30,23.8,0,0,0,0,0,0,79.53
2004,12,4,9,30,23.700000000000003,0,0,0,0,0,0,79.39
2004,12,4,10,30,23.700000000000003,0,0,0,0,0,0,78.91
2004,12,4,11,30,23.700000000000003,0,0,0,0,0,0,78.67
2004,12,4,12,30,23.700000000000003,0,0,0,0,0,0,78.44
2004,12,4,13,30,23.900000000000002,0,0,0,0,0,0,76.91
2004,12,4,14,30,24.5,442,154,63,12,101,103,75.92
2004,12,4,15,30,25.3,659,353,92,253,183,283,72.93
2004,12,4,16,30,26,759,527,109,311,234,405,70.59
2004,12,4,17,30,26.6,811,651,119,301,299,496,68.42
2004,12,4,18,30,26.900000000000002,841,715,119,638,168,620,67.65
2004,12,4,19,30,26.900000000000002,833,706,122,513,219,578,68.26
2004,12,4,20,30,26.6,797,629,121,313,279,479,69.95
2004,12,4,21,30,26.3,707,488,120,222,253,369,71.42
2004,12,4,22,30,25.8,575,306,100,66,181,205,74.12
2004,12,4,23,30,25.3,314,110,59,14,76,78,77.43
2004,12,5,0,30,24.900000000000002,0,0,0,0,0,0,80.75
2004,12,5,1,30,24.6,0,0,0,0,0,0,81.78
2004,12,5,2,30,24.5,0,0,0,0,0,0,82.05
2004,12,5,3,30,24.400000000000002,0,0,0,0,0,0,82.26
2004,12,5,4,30,24.3,0,0,0,0,0,0,82
2004,12,5,5,30,24.3,0,0,0,0,0,0,81.57000000000001
2004,12,5,6,30,24.200000000000003,0,0,0,0,0,0,81.96000000000001
2004,12,5,7,30,24.1,0,0,0,0,0,0,82.39
2004,12,5,8,30,24,0,0,0,0,0,0,82.4
2004,12,5,9,30,23.8,0,0,0,0,0,0,82.82000000000001
2004,12,5,10,30,23.6,0,0,0,0,0,0,83.3
2004,12,5,11,30,23.5,0,0,0,0,0,0,83.47
2004,12,5,12,30,23.400000000000002,0,0,0,0,0,0,83.60000000000001
2004,12,5,13,30,23.700000000000003,0,0,0,0,0,0,82.10000000000001
2004,12,5,14,30,24.400000000000002,372,147,71,67,102,116,80.10000000000001
2004,12,5,15,30,25.1,615,346,103,127,191,241,76.72
2004,12,5,16,30,25.900000000000002,745,524,116,216,253,371,73.58
2004,12,5,17,30,26.5,815,653,120,315,290,495,70.41
2004,12,5,18,30,27.1,811,710,138,378,343,610,66.75
2004,12,5,19,30,27.3,819,707,133,819,133,707,64.98
2004,12,5,20,30,27.3,798,632,124,607,171,557,65.1
2004,12,5,21,30,27,758,500,105,100,251,303,66.89
2004,12,5,22,30,26.5,644,317,86,196,173,244,70.14
2004,12,5,23,30,25.6,392,117,52,204,80,113,75.74
2004,12,6,0,30,24.8,0,0,0,0,0,0,82.08
2004,12,6,1,30,24.3,0,0,0,0,0,0,85.04
2004,12,6,2,30,24.1,0,0,0,0,0,0,85.97
2004,12,6,3,30,23.900000000000002,0,0,0,0,0,0,86.34
2004,12,6,4,30,23.700000000000003,0,0,0,0,0,0,86.29
2004,12,6,5,30,23.5,0,0,0,0,0,0,85.54
2004,12,6,6,30,23.3,0,0,0,0,0,0,84.43
2004,12,6,7,30,23.1,0,0,0,0,0,0,84.23
2004,12,6,8,30,22.900000000000002,0,0,0,0,0,0,84.87
2004,12,6,9,30,22.8,0,0,0,0,0,0,84.91
2004,12,6,10,30,22.8,0,0,0,0,0,0,83.87
2004,12,6,11,30,22.8,0,0,0,0,0,0,82.22
2004,12,6,12,30,22.8,0,0,0,0,0,0,80.7
2004,12,6,13,30,23.1,0,0,0,0,0,0,78.26
2004,12,6,14,30,23.700000000000003,456,153,61,55,104,115,76.24
2004,12,6,15,30,24.400000000000002,681,354,87,148,211,268,73.84
2004,12,6,16,30,24.900000000000002,782,529,103,575,161,474,72.41
2004,12,6,17,30,25.400000000000002,832,654,111,368,258,497,70.02
2004,12,6,18,30,25.5,855,717,115,681,184,664,68.76
2004,12,6,19,30,25.5,855,711,113,677,157,630,67.93
2004,12,6,20,30,25.3,830,635,107,13,211,220,68.01
2004,12,6,21,30,25.1,725,492,115,108,256,313,68.16
2004,12,6,22,30,24.8,618,313,91,59,178,199,69.15
2004,12,6,23,30,24.3,377,116,54,20,51,54,72.83
2004,12,7,0,30,23.8,0,0,0,0,0,0,76.32000000000001
2004,12,7,1,30,23.400000000000002,0,0,0,0,0,0,78.14
2004,12,7,2,30,23.200000000000003,0,0,0,0,0,0,79.15
2004,12,7,3,30,23,0,0,0,0,0,0,80.13
2004,12,7,4,30,23,0,0,0,0,0,0,79.62
2004,12,7,5,30,22.900000000000002,0,0,0,0,0,0,78.86
2004,12,7,6,30,22.8,0,0,0,0,0,0,77.56
2004,12,7,7,30,22.700000000000003,0,0,0,0,0,0,76.59
2004,12,7,8,30,22.6,0,0,0,0,0,0,76.25
2004,12,7,9,30,22.400000000000002,0,0,0,0,0,0,76.9
2004,12,7,10,30,22.3,0,0,0,0,0,0,77.28
2004,12,7,11,30,22.3,0,0,0,0,0,0,76.94
2004,12,7,12,30,22.1,0,0,0,0,0,0,77.10000000000001
2004,12,7,13,30,22.400000000000002,0,0,0,0,0,0,75.39
2004,12,7,14,30,23.200000000000003,538,157,49,67,104,117,73.04
2004,12,7,15,30,24.1,750,361,69,750,69,361,67.32000000000001
2004,12,7,16,30,24.900000000000002,849,540,79,849,79,540,63.550000000000004
2004,12,7,17,30,25.5,897,668,85,897,85,668,61.75
2004,12,7,18,30,25.8,915,731,88,915,88,731,61.95
2004,12,7,19,30,25.900000000000002,912,725,89,912,89,725,62.97
2004,12,7,20,30,25.700000000000003,887,650,86,887,86,650,64.81
2004,12,7,21,30,25.400000000000002,849,515,73,849,73,515,66.98
2004,12,7,22,30,25,746,330,62,746,62,330,69.69
2004,12,7,23,30,24.200000000000003,514,126,41,514,41,126,74.58
2004,12,8,0,30,23.400000000000002,0,0,0,0,0,0,80.39
2004,12,8,1,30,23,0,0,0,0,0,0,82.95
2004,12,8,2,30,22.700000000000003,0,0,0,0,0,0,84.71000000000001
2004,12,8,3,30,22.5,0,0,0,0,0,0,85.33
2004,12,8,4,30,22.3,0,0,0,0,0,0,85.52
2004,12,8,5,30,22.200000000000003,0,0,0,0,0,0,85.05
2004,12,8,6,30,22.200000000000003,0,0,0,0,0,0,84.05
2004,12,8,7,30,22.1,0,0,0,0,0,0,83.59
2004,12,8,8,30,22,0,0,0,0,0,0,83.11
2004,12,8,9,30,21.8,0,0,0,0,0,0,83.67
2004,12,8,10,30,21.700000000000003,0,0,0,0,0,0,84.31
2004,12,8,11,30,21.8,0,0,0,0,0,0,83.84
2004,12,8,12,30,21.8,0,0,0,0,0,0,83.73
2004,12,8,13,30,22,0,0,0,0,0,0,82.60000000000001
2004,12,8,14,30,22.400000000000002,484,150,55,1,72,73,81.60000000000001
2004,12,8,15,30,22.8,696,351,82,0,49,49,79.95
2004,12,8,16,30,23.200000000000003,799,528,96,205,287,398,77.3
2004,12,8,17,30,23.6,856,656,102,856,102,656,75.17
2004,12,8,18,30,23.900000000000002,895,724,97,895,97,724,74.3
2004,12,8,19,30,24.1,893,719,97,893,97,719,74.54
2004,12,8,20,30,24.1,866,643,94,278,274,451,75.53
2004,12,8,21,30,24,806,507,87,412,186,400,76.28
2004,12,8,22,30,23.700000000000003,695,324,73,53,192,211,77.76
2004,12,8,23,30,23.3,450,122,47,1,38,38,79.75
2004,12,9,0,30,23,0,0,0,0,0,0,81.60000000000001
2004,12,9,1,30,22.8,0,0,0,0,0,0,82.43
2004,12,9,2,30,22.6,0,0,0,0,0,0,83.32000000000001
2004,12,9,3,30,22.5,0,0,0,0,0,0,83.65
2004,12,9,4,30,22.5,0,0,0,0,0,0,83.72
2004,12,9,5,30,22.400000000000002,0,0,0,0,0,0,84.31
2004,12,9,6,30,22.400000000000002,0,0,0,0,0,0,84.08
2004,12,9,7,30,22.3,0,0,0,0,0,0,84.25
2004,12,9,8,30,22.200000000000003,0,0,0,0,0,0,84.26
2004,12,9,9,30,22.1,0,0,0,0,0,0,84.32000000000001
2004,12,9,10,30,22,0,0,0,0,0,0,84.65
2004,12,9,11,30,22,0,0,0,0,0,0,84.27
2004,12,9,12,30,21.900000000000002,0,0,0,0,0,0,84.28
2004,12,9,13,30,22.200000000000003,0,0,0,0,0,0,81.93
2004,12,9,14,30,22.8,536,154,50,536,50,154,79.28
2004,12,9,15,30,23.6,754,360,71,754,71,360,74.93
2004,12,9,16,30,24.3,857,542,81,857,81,542,72.44
2004,12,9,17,30,25,908,673,86,908,86,673,70.21000000000001
2004,12,9,18,30,25.5,917,735,94,917,94,735,69.18
2004,12,9,19,30,25.8,918,731,92,918,92,731,68.66
2004,12,9,20,30,25.900000000000002,898,657,87,898,87,657,68.3
2004,12,9,21,30,25.8,868,524,72,868,72,524,67.76
2004,12,9,22,30,25.400000000000002,771,338,60,771,60,338,68.39
2004,12,9,23,30,24.700000000000003,549,131,40,549,40,131,71.29
2004,12,10,0,30,23.900000000000002,0,0,0,0,0,0,75.78
2004,12,10,1,30,23.400000000000002,0,0,0,0,0,0,77.79
2004,12,10,2,30,23.200000000000003,0,0,0,0,0,0,78.44
2004,12,10,3,30,23,0,0,0,0,0,0,78.94
2004,12,10,4,30,23,0,0,0,0,0,0,78.22
2004,12,10,5,30,23,0,0,0,0,0,0,77.17
2004,12,10,6,30,23,0,0,0,0,0,0,76.09
2004,12,10,7,30,22.900000000000002,0,0,0,0,0,0,75.49
2004,12,10,8,30,22.8,0,0,0,0,0,0,74.79
2004,12,10,9,30,22.700000000000003,0,0,0,0,0,0,74.15
2004,12,10,10,30,22.5,0,0,0,0,0,0,73.75
2004,12,10,11,30,22.200000000000003,0,0,0,0,0,0,73.72
2004,12,10,12,30,21.8,0,0,0,0,0,0,74.43
2004,12,10,13,30,21.900000000000002,0,0,0,0,0,0,72.73
2004,12,10,14,30,22.5,602,157,41,602,41,157,69.51
2004,12,10,15,30,23.400000000000002,798,364,59,798,59,364,63.68
2004,12,10,16,30,24.700000000000003,888,544,67,888,67,544,59.050000000000004
2004,12,10,17,30,26.1,932,673,72,932,72,673,54.51
2004,12,10,18,30,27.3,952,739,73,952,73,739,49.51
2004,12,10,19,30,27.8,952,735,73,952,73,735,48.59
2004,12,10,20,30,27.900000000000002,931,661,71,931,71,661,50.050000000000004
2004,12,10,21,30,27.6,878,524,68,878,68,524,52.550000000000004
2004,12,10,22,30,27,780,340,58,780,58,340,56.36
2004,12,10,23,30,25.8,552,131,39,552,39,131,64.26
2004,12,11,0,30,24.700000000000003,0,0,0,0,0,0,71.12
2004,12,11,1,30,24.400000000000002,0,0,0,0,0,0,72.95
2004,12,11,2,30,24.400000000000002,0,0,0,0,0,0,72.58
2004,12,11,3,30,24.3,0,0,0,0,0,0,71.91
2004,12,11,4,30,24,0,0,0,0,0,0,72.2
2004,12,11,5,30,23.6,0,0,0,0,0,0,73.46000000000001
2004,12,11,6,30,23.3,0,0,0,0,0,0,74.86
2004,12,11,7,30,23,0,0,0,0,0,0,76.24
2004,12,11,8,30,22.8,0,0,0,0,0,0,76.2
2004,12,11,9,30,22.6,0,0,0,0,0,0,75.16
2004,12,11,10,30,22.5,0,0,0,0,0,0,73.18
2004,12,11,11,30,22.5,0,0,0,0,0,0,70.94
2004,12,11,12,30,22.400000000000002,0,0,0,0,0,0,69.54
2004,12,11,13,30,22.700000000000003,0,0,0,0,0,0,67.28
2004,12,11,14,30,23.6,490,146,53,0,47,47,64.86
2004,12,11,15,30,24.8,706,348,80,10,160,164,60.19
2004,12,11,16,30,26.3,809,528,95,61,282,314,55.58
2004,12,11,17,30,27.700000000000003,858,656,104,858,104,656,52.18
2004,12,11,18,30,28.6,853,715,120,853,120,715,51.74
2004,12,11,19,30,28.900000000000002,850,711,121,850,121,711,52.33
2004,12,11,20,30,28.8,821,638,117,184,350,467,52.36
2004,12,11,21,30,28.400000000000002,743,499,112,743,112,499,54.14
2004,12,11,22,30,27.5,622,318,93,622,93,318,57.800000000000004
2004,12,11,23,30,26.1,372,119,57,372,57,119,65.98
2004,12,12,0,30,25,0,0,0,0,0,0,74.53
2004,12,12,1,30,24.5,0,0,0,0,0,0,78.26
2004,12,12,2,30,24.3,0,0,0,0,0,0,80.08
2004,12,12,3,30,24.1,0,0,0,0,0,0,81.21000000000001
2004,12,12,4,30,23.900000000000002,0,0,0,0,0,0,82.18
2004,12,12,5,30,23.6,0,0,0,0,0,0,83.94
2004,12,12,6,30,23.3,0,0,0,0,0,0,86.07000000000001
2004,12,12,7,30,23.1,0,0,0,0,0,0,86.74
2004,12,12,8,30,23,0,0,0,0,0,0,86.7
2004,12,12,9,30,23,0,0,0,0,0,0,85.36
2004,12,12,10,30,23,0,0,0,0,0,0,82.61
2004,12,12,11,30,22.900000000000002,0,0,0,0,0,0,80.24
2004,12,12,12,30,22.900000000000002,0,0,0,0,0,0,77.11
2004,12,12,13,30,23.1,0,0,0,0,0,0,72.91
2004,12,12,14,30,23.900000000000002,495,144,51,495,51,144,68.22
2004,12,12,15,30,24.900000000000002,726,349,74,78,206,236,62.28
2004,12,12,16,30,25.900000000000002,834,529,85,834,85,529,59.620000000000005
2004,12,12,17,30,26.6,891,662,90,891,90,662,58.730000000000004
2004,12,12,18,30,26.900000000000002,903,726,98,903,98,726,59.660000000000004
2004,12,12,19,30,27,904,724,97,904,97,724,61.27
2004,12,12,20,30,26.8,883,652,92,883,92,652,63.56
2004,12,12,21,30,26.5,817,515,90,817,90,515,65.66
2004,12,12,22,30,26,708,332,75,708,75,332,68.27
2004,12,12,23,30,25.1,468,128,48,468,48,128,73.77
2004,12,13,0,30,24.3,0,0,0,0,0,0,79.8
2004,12,13,1,30,23.8,0,0,0,0,0,0,82.49
2004,12,13,2,30,23.6,0,0,0,0,0,0,83.46000000000001
2004,12,13,3,30,23.400000000000002,0,0,0,0,0,0,84.08
2004,12,13,4,30,23.3,0,0,0,0,0,0,84.12
2004,12,13,5,30,23.1,0,0,0,0,0,0,84.73
2004,12,13,6,30,22.900000000000002,0,0,0,0,0,0,85.21000000000001
2004,12,13,7,30,22.8,0,0,0,0,0,0,84.95
2004,12,13,8,30,22.6,0,0,0,0,0,0,84.69
2004,12,13,9,30,22.5,0,0,0,0,0,0,83.64
2004,12,13,10,30,22.400000000000002,0,0,0,0,0,0,82.28
2004,12,13,11,30,22.3,0,0,0,0,0,0,80.85000000000001
2004,12,13,12,30,22.200000000000003,0,0,0,0,0,0,79.38
2004,12,13,13,30,22.5,0,0,0,0,0,0,76.2
2004,12,13,14,30,23.200000000000003,528,145,47,1,66,67,72.75
2004,12,13,15,30,24.3,751,350,68,100,204,242,66.21000000000001
2004,12,13,16,30,25.3,852,530,78,68,280,317,63.79
2004,12,13,17,30,26.200000000000003,903,661,83,903,83,661,61.21
2004,12,13,18,30,26.8,917,727,89,244,368,538,59.52
2004,12,13,19,30,27,918,725,88,918,88,725,60.59
2004,12,13,20,30,26.900000000000002,898,653,84,898,84,653,62.77
2004,12,13,21,30,26.6,826,515,85,826,85,515,65.01
2004,12,13,22,30,26,720,333,72,720,72,333,68.67
2004,12,13,23,30,25.1,484,129,47,484,47,129,74.54
2004,12,14,0,30,24.200000000000003,0,0,0,0,0,0,81.28
2004,12,14,1,30,23.8,0,0,0,0,0,0,83.83
2004,12,14,2,30,23.6,0,0,0,0,0,0,84.52
2004,12,14,3,30,23.400000000000002,0,0,0,0,0,0,84.10000000000001
2004,12,14,4,30,23.1,0,0,0,0,0,0,83.73
2004,12,14,5,30,22.900000000000002,0,0,0,0,0,0,83.84
2004,12,14,6,30,22.900000000000002,0,0,0,0,0,0,83.72
2004,12,14,7,30,22.900000000000002,0,0,0,0,0,0,83.03
2004,12,14,8,30,22.900000000000002,0,0,0,0,0,0,81.55
2004,12,14,9,30,22.900000000000002,0,0,0,0,0,0,79.37
2004,12,14,10,30,23,0,0,0,0,0,0,76.04
2004,12,14,11,30,23,0,0,0,0,0,0,73.19
2004,12,14,12,30,23,0,0,0,0,0,0,70.83
2004,12,14,13,30,23.3,0,0,0,0,0,0,67.98
2004,12,14,14,30,24.1,409,135,60,8,89,90,64.7
2004,12,14,15,30,25.3,636,333,95,7,148,151,59.230000000000004
2004,12,14,16,30,26.6,746,510,115,167,294,383,54
2004,12,14,17,30,27.8,798,638,128,798,128,638,50.76
2004,12,14,18,30,28.6,851,711,119,851,119,711,51.32
2004,12,14,19,30,29.1,846,706,120,846,120,706,51.980000000000004
2004,12,14,20,30,29.3,817,635,117,817,117,635,52.78
2004,12,14,21,30,29.1,726,496,118,280,267,413,53.910000000000004
2004,12,14,22,30,28.400000000000002,602,317,98,405,160,308,56.93
2004,12,14,23,30,27.200000000000003,356,120,59,45,92,100,64.22
2004,12,15,0,30,26.1,0,0,0,0,0,0,70.08
2004,12,15,1,30,25.5,0,0,0,0,0,0,73.04
2004,12,15,2,30,25.1,0,0,0,0,0,0,76.41
2004,12,15,3,30,24.8,0,0,0,0,0,0,78.87
2004,12,15,4,30,24.700000000000003,0,0,0,0,0,0,78.98
2004,12,15,5,30,24.6,0,0,0,0,0,0,78.71000000000001
2004,12,15,6,30,24.5,0,0,0,0,0,0,78.17
2004,12,15,7,30,24.400000000000002,0,0,0,0,0,0,77.19
2004,12,15,8,30,24.1,0,0,0,0,0,0,76.73
2004,12,15,9,30,23.8,0,0,0,0,0,0,75.95
2004,12,15,10,30,23.5,0,0,0,0,0,0,73.19
2004,12,15,11,30,23.1,0,0,0,0,0,0,70.09
2004,12,15,12,30,22.8,0,0,0,0,0,0,67.44
2004,12,15,13,30,22.900000000000002,0,0,0,0,0,0,64.64
2004,12,15,14,30,23.700000000000003,395,131,60,395,60,131,62.28
2004,12,15,15,30,24.8,629,329,95,629,95,329,58.08
2004,12,15,16,30,26.1,745,506,113,745,113,506,54.53
2004,12,15,17,30,27.1,805,636,122,805,122,636,53.160000000000004
2004,12,15,18,30,27.6,826,701,128,826,128,701,54.300000000000004
2004,12,15,19,30,27.6,831,701,125,831,125,701,57.480000000000004
2004,12,15,20,30,27.5,809,632,119,809,119,632,60.18
2004,12,15,21,30,27.1,695,491,128,695,128,491,63.56
2004,12,15,22,30,26.6,576,314,104,576,104,314,67.2
2004,12,15,23,30,25.8,336,120,62,336,62,120,72.25
2004,12,16,0,30,24.900000000000002,0,0,0,0,0,0,79.36
2004,12,16,1,30,24.5,0,0,0,0,0,0,83.01
2004,12,16,2,30,24.200000000000003,0,0,0,0,0,0,85.46000000000001
2004,12,16,3,30,23.900000000000002,0,0,0,0,0,0,87.5
2004,12,16,4,30,23.6,0,0,0,0,0,0,89.04
2004,12,16,5,30,23.400000000000002,0,0,0,0,0,0,89.92
2004,12,16,6,30,23.200000000000003,0,0,0,0,0,0,90.61
2004,12,16,7,30,23,0,0,0,0,0,0,91.06
2004,12,16,8,30,22.900000000000002,0,0,0,0,0,0,91.05
2004,12,16,9,30,22.700000000000003,0,0,0,0,0,0,91.56
2004,12,16,10,30,22.5,0,0,0,0,0,0,92.13
2004,12,16,11,30,22.400000000000002,0,0,0,0,0,0,92.12
2004,12,16,12,30,22.400000000000002,0,0,0,0,0,0,91.39
2004,12,16,13,30,22.8,0,0,0,0,0,0,88.33
2004,12,16,14,30,23.700000000000003,561,142,41,561,41,142,83.86
2004,12,16,15,30,24.5,778,348,60,778,60,348,79.42
2004,12,16,16,30,25.1,873,529,70,873,70,529,75.38
2004,12,16,17,30,25.5,924,664,75,924,75,664,71.34
2004,12,16,18,30,25.8,900,724,100,900,100,724,67.86
2004,12,16,19,30,25.900000000000002,904,725,99,904,99,725,66.1
2004,12,16,20,30,25.900000000000002,884,655,94,884,94,655,65.89
2004,12,16,21,30,25.700000000000003,831,522,88,831,88,522,67
2004,12,16,22,30,25.3,732,341,73,732,73,341,68.9
2004,12,16,23,30,24.5,508,136,47,508,47,136,73.10000000000001
2004,12,17,0,30,23.700000000000003,0,0,0,0,0,0,79.55
2004,12,17,1,30,23.200000000000003,0,0,0,0,0,0,83.18
2004,12,17,2,30,22.900000000000002,0,0,0,0,0,0,85.57000000000001
2004,12,17,3,30,22.700000000000003,0,0,0,0,0,0,87.39
2004,12,17,4,30,22.5,0,0,0,0,0,0,88.46000000000001
2004,12,17,5,30,22.5,0,0,0,0,0,0,87.65
2004,12,17,6,30,22.400000000000002,0,0,0,0,0,0,86.78
2004,12,17,7,30,22.200000000000003,0,0,0,0,0,0,86.54
2004,12,17,8,30,22.1,0,0,0,0,0,0,85.93
2004,12,17,9,30,22,0,0,0,0,0,0,85.41
2004,12,17,10,30,21.900000000000002,0,0,0,0,0,0,84.7
2004,12,17,11,30,21.900000000000002,0,0,0,0,0,0,82.89
2004,12,17,12,30,21.8,0,0,0,0,0,0,81.25
2004,12,17,13,30,22.200000000000003,0,0,0,0,0,0,76.97
2004,12,17,14,30,23.200000000000003,510,139,48,2,44,45,72.22
2004,12,17,15,30,24.200000000000003,739,344,72,412,144,296,66.06
2004,12,17,16,30,25.1,844,527,84,503,164,428,63.730000000000004
2004,12,17,17,30,25.700000000000003,894,659,91,894,91,659,61.24
2004,12,17,18,30,26,886,722,108,393,331,603,60.19
2004,12,17,19,30,26.1,886,720,107,326,356,582,61.15
2004,12,17,20,30,26.1,864,651,103,864,103,651,62.800000000000004
2004,12,17,21,30,25.8,768,511,109,768,109,511,65.27
2004,12,17,22,30,25.400000000000002,660,332,90,660,90,332,67.68
2004,12,17,23,30,24.6,425,131,56,425,56,131,72.18
2004,12,18,0,30,23.900000000000002,0,0,0,0,0,0,77.65
2004,12,18,1,30,23.5,0,0,0,0,0,0,79.93
2004,12,18,2,30,23.200000000000003,0,0,0,0,0,0,81.16
2004,12,18,3,30,23.1,0,0,0,0,0,0,81.01
2004,12,18,4,30,23,0,0,0,0,0,0,80.69
2004,12,18,5,30,22.900000000000002,0,0,0,0,0,0,80.60000000000001
2004,12,18,6,30,22.900000000000002,0,0,0,0,0,0,80.18
2004,12,18,7,30,22.8,0,0,0,0,0,0,80.28
2004,12,18,8,30,22.6,0,0,0,0,0,0,81.05
2004,12,18,9,30,22.400000000000002,0,0,0,0,0,0,81.78
2004,12,18,10,30,22.3,0,0,0,0,0,0,81.8
2004,12,18,11,30,22.3,0,0,0,0,0,0,81.24
2004,12,18,12,30,22.3,0,0,0,0,0,0,80.98
2004,12,18,13,30,22.400000000000002,0,0,0,0,0,0,80
2004,12,18,14,30,23,397,127,58,31,83,89,78.18
2004,12,18,15,30,23.700000000000003,642,326,91,309,173,286,74.11
2004,12,18,16,30,24.400000000000002,759,505,107,529,170,447,71.15
2004,12,18,17,30,25,824,637,115,613,171,560,68.09
2004,12,18,18,30,25.400000000000002,788,694,149,279,321,514,65.69
2004,12,18,19,30,25.5,804,697,141,334,298,529,65.33
2004,12,18,20,30,25.400000000000002,790,631,130,585,203,575,66.14
2004,12,18,21,30,25.200000000000003,764,507,107,535,179,459,67.81
2004,12,18,22,30,24.8,659,330,87,302,167,278,70.91
2004,12,18,23,30,24.200000000000003,430,131,55,4,59,60,75.85000000000001
2004,12,19,0,30,23.6,0,0,0,0,0,0,80.85000000000001
2004,12,19,1,30,23.3,0,0,0,0,0,0,82.59
2004,12,19,2,30,23.1,0,0,0,0,0,0,83.91
2004,12,19,3,30,23.1,0,0,0,0,0,0,83.7
2004,12,19,4,30,23,0,0,0,0,0,0,83.96000000000001
2004,12,19,5,30,22.900000000000002,0,0,0,0,0,0,84.13
2004,12,19,6,30,22.700000000000003,0,0,0,0,0,0,84.53
2004,12,19,7,30,22.6,0,0,0,0,0,0,84.18
2004,12,19,8,30,22.400000000000002,0,0,0,0,0,0,83.79
2004,12,19,9,30,22.400000000000002,0,0,0,0,0,0,81.76
2004,12,19,10,30,22.400000000000002,0,0,0,0,0,0,78.2
2004,12,19,11,30,22.5,0,0,0,0,0,0,73.09
2004,12,19,12,30,22.6,0,0,0,0,0,0,68.22
2004,12,19,13,30,22.700000000000003,0,0,0,0,0,0,64.1
2004,12,19,14,30,23.200000000000003,480,132,49,0,3,3,59.84
2004,12,19,15,30,24,716,335,74,4,100,102,55.26
2004,12,19,16,30,24.900000000000002,821,516,88,192,237,337,51.6
2004,12,19,17,30,25.700000000000003,868,647,97,0,181,182,48.84
2004,12,19,18,30,26.200000000000003,889,717,102,24,250,267,47.25
2004,12,19,19,30,26.5,888,716,102,21,311,325,46.92
2004,12,19,20,30,26.8,868,648,97,2,237,238,47.37
2004,12,19,21,30,26.6,812,516,90,0,57,57,49.910000000000004
2004,12,19,22,30,26,708,337,75,1,106,106,55.99
2004,12,19,23,30,25.200000000000003,482,135,49,7,84,85,64.33
2004,12,20,0,30,24.6,0,0,0,0,0,0,67.03
2004,12,20,1,30,24.200000000000003,0,0,0,0,0,0,70.10000000000001
2004,12,20,2,30,23.900000000000002,0,0,0,0,0,0,72.57000000000001
2004,12,20,3,30,23.8,0,0,0,0,0,0,73.75
2004,12,20,4,30,23.5,0,0,0,0,0,0,75.45
2004,12,20,5,30,23.200000000000003,0,0,0,0,0,0,76.82000000000001
2004,12,20,6,30,22.900000000000002,0,0,0,0,0,0,77.29
2004,12,20,7,30,22.700000000000003,0,0,0,0,0,0,76.54
2004,12,20,8,30,22.700000000000003,0,0,0,0,0,0,73.45
2004,12,20,9,30,22.6,0,0,0,0,0,0,70.16
2004,12,20,10,30,22.6,0,0,0,0,0,0,67.24
2004,12,20,11,30,22.400000000000002,0,0,0,0,0,0,66.4
2004,12,20,12,30,22.1,0,0,0,0,0,0,66.34
2004,12,20,13,30,22.200000000000003,0,0,0,0,0,0,65.52
2004,12,20,14,30,22.900000000000002,506,133,46,0,41,41,63.620000000000005
2004,12,20,15,30,24,720,334,72,30,186,197,58.24
2004,12,20,16,30,25.3,814,513,89,381,193,392,53.36
2004,12,20,17,30,26.200000000000003,859,643,100,268,288,457,49.480000000000004
2004,12,20,18,30,26.5,870,710,109,474,243,570,49.32
2004,12,20,19,30,26.5,862,708,112,413,261,547,52.1
2004,12,20,20,30,26.200000000000003,831,639,110,381,257,499,55.53
2004,12,20,21,30,26,784,511,98,193,243,345,57.910000000000004
2004,12,20,22,30,25.6,688,336,80,236,171,259,60.45
2004,12,20,23,30,24.8,470,136,51,25,93,97,65.28
2004,12,21,0,30,24.1,0,0,0,0,0,0,71.65
2004,12,21,1,30,23.8,0,0,0,0,0,0,73.60000000000001
2004,12,21,2,30,23.5,0,0,0,0,0,0,74.77
2004,12,21,3,30,23.3,0,0,0,0,0,0,75.04
2004,12,21,4,30,23.1,0,0,0,0,0,0,75.11
2004,12,21,5,30,22.900000000000002,0,0,0,0,0,0,75.05
2004,12,21,6,30,22.700000000000003,0,0,0,0,0,0,74.93
2004,12,21,7,30,22.5,0,0,0,0,0,0,74.82000000000001
2004,12,21,8,30,22.3,0,0,0,0,0,0,74.74
2004,12,21,9,30,22.1,0,0,0,0,0,0,74.94
2004,12,21,10,30,22,0,0,0,0,0,0,74.65
2004,12,21,11,30,21.900000000000002,0,0,0,0,0,0,74.33
2004,12,21,12,30,21.900000000000002,0,0,0,0,0,0,73.43
2004,12,21,13,30,22.200000000000003,0,0,0,0,0,0,71.39
2004,12,21,14,30,23,465,126,47,465,47,126,69.53
2004,12,21,15,30,23.900000000000002,698,327,74,698,74,327,66.1
2004,12,21,16,30,24.5,805,506,88,233,267,388,64.64
2004,12,21,17,30,24.8,858,637,95,707,134,581,63.65
2004,12,21,18,30,24.900000000000002,877,706,100,877,100,706,63.39
2004,12,21,19,30,24.8,883,709,98,883,98,709,63.980000000000004
2004,12,21,20,30,24.700000000000003,868,645,92,109,340,409,64.65
2004,12,21,21,30,24.6,831,518,80,278,258,405,65.32000000000001
2004,12,21,22,30,24.400000000000002,740,342,67,129,197,245,66.36
2004,12,21,23,30,23.900000000000002,530,141,44,15,89,92,68.84
2004,12,22,0,30,23.5,0,0,0,0,0,0,72.52
2004,12,22,1,30,23.3,0,0,0,0,0,0,73.61
2004,12,22,2,30,23.200000000000003,0,0,0,0,0,0,74.2
2004,12,22,3,30,23,0,0,0,0,0,0,75.4
2004,12,22,4,30,22.900000000000002,0,0,0,0,0,0,76
2004,12,22,5,30,22.700000000000003,0,0,0,0,0,0,76.64
2004,12,22,6,30,22.5,0,0,0,0,0,0,77.41
2004,12,22,7,30,22.3,0,0,0,0,0,0,78.02
2004,12,22,8,30,22.200000000000003,0,0,0,0,0,0,77.65
2004,12,22,9,30,22.1,0,0,0,0,0,0,77.43
2004,12,22,10,30,22.1,0,0,0,0,0,0,76.79
2004,12,22,11,30,21.900000000000002,0,0,0,0,0,0,77.4
2004,12,22,12,30,21.700000000000003,0,0,0,0,0,0,77.93
2004,12,22,13,30,21.8,0,0,0,0,0,0,77.12
2004,12,22,14,30,22.400000000000002,530,133,43,8,81,83,75.25
2004,12,22,15,30,23.200000000000003,767,341,65,176,190,254,70.82000000000001
2004,12,22,16,30,23.8,871,527,75,871,75,527,66.83
2004,12,22,17,30,24.3,927,665,80,473,215,513,63.42
2004,12,22,18,30,24.6,956,741,81,304,314,524,60.99
2004,12,22,19,30,24.8,961,746,80,133,325,417,59.15
2004,12,22,20,30,24.700000000000003,943,678,78,299,272,463,58.6
2004,12,22,21,30,24.6,871,543,82,73,246,285,59
2004,12,22,22,30,24.3,777,359,69,31,170,182,60.68
2004,12,22,23,30,23.6,567,151,47,182,93,127,64.71000000000001
2004,12,23,0,30,22.900000000000002,0,0,0,0,0,0,69.52
2004,12,23,1,30,22.6,0,0,0,0,0,0,71.16
2004,12,23,2,30,22.400000000000002,0,0,0,0,0,0,71.87
2004,12,23,3,30,22.200000000000003,0,0,0,0,0,0,72.13
2004,12,23,4,30,22,0,0,0,0,0,0,72.21000000000001
2004,12,23,5,30,21.900000000000002,0,0,0,0,0,0,71.53
2004,12,23,6,30,21.8,0,0,0,0,0,0,70.83
2004,12,23,7,30,21.6,0,0,0,0,0,0,70.14
2004,12,23,8,30,21.400000000000002,0,0,0,0,0,0,69.45
2004,12,23,9,30,21.3,0,0,0,0,0,0,69.13
2004,12,23,10,30,21.200000000000003,0,0,0,0,0,0,69.78
2004,12,23,11,30,21.1,0,0,0,0,0,0,70.44
2004,12,23,12,30,21,0,0,0,0,0,0,71.22
2004,12,23,13,30,21.200000000000003,0,0,0,0,0,0,70.74
2004,12,23,14,30,21.8,545,133,42,50,86,94,69.64
2004,12,23,15,30,22.5,773,342,64,3,129,130,65.49
2004,12,23,16,30,23.1,871,526,75,423,195,414,63.22
2004,12,23,17,30,23.400000000000002,921,663,82,377,248,486,62.6
2004,12,23,18,30,23.6,926,731,92,446,259,567,61.75
2004,12,23,19,30,23.5,925,734,93,517,218,577,61.99
2004,12,23,20,30,23.5,902,665,89,364,260,493,62.230000000000004
2004,12,23,21,30,23.3,866,537,78,231,236,358,63.08
2004,12,23,22,30,23.1,767,355,67,21,137,145,64
2004,12,23,23,30,22.6,546,148,47,48,62,70,67.28
2004,12,24,0,30,22.1,0,0,0,0,0,0,72.05
2004,12,24,1,30,21.8,0,0,0,0,0,0,73.83
2004,12,24,2,30,21.700000000000003,0,0,0,0,0,0,73.92
2004,12,24,3,30,21.5,0,0,0,0,0,0,73.88
2004,12,24,4,30,21.400000000000002,0,0,0,0,0,0,73.71000000000001
2004,12,24,5,30,21.3,0,0,0,0,0,0,74.27
2004,12,24,6,30,21.1,0,0,0,0,0,0,75.60000000000001
2004,12,24,7,30,20.900000000000002,0,0,0,0,0,0,76.72
2004,12,24,8,30,20.8,0,0,0,0,0,0,77.43
2004,12,24,9,30,20.6,0,0,0,0,0,0,78.58
2004,12,24,10,30,20.5,0,0,0,0,0,0,79.17
2004,12,24,11,30,20.400000000000002,0,0,0,0,0,0,79.14
2004,12,24,12,30,20.400000000000002,0,0,0,0,0,0,78.41
2004,12,24,13,30,20.5,0,0,0,0,0,0,77.54
2004,12,24,14,30,20.700000000000003,464,123,47,3,51,51,76.99
2004,12,24,15,30,21,711,327,73,56,194,214,74.9
2004,12,24,16,30,21.400000000000002,824,513,87,212,276,385,72.36
2004,12,24,17,30,21.8,883,652,96,358,306,532,70.28
2004,12,24,18,30,22.1,907,727,101,907,101,727,68.5
2004,12,24,19,30,22.3,909,732,102,909,102,732,66.81
2004,12,24,20,30,22.200000000000003,892,668,98,433,296,573,66.11
2004,12,24,21,30,21.900000000000002,851,541,89,368,257,452,65.83
2004,12,24,22,30,21.400000000000002,763,361,73,763,73,361,66.27
2004,12,24,23,30,20.8,548,152,49,88,101,118,67.45
2004,12,25,0,30,20.3,0,0,0,0,0,0,69.17
2004,12,25,1,30,19.900000000000002,0,0,0,0,0,0,69.89
2004,12,25,2,30,19.6,0,0,0,0,0,0,69.33
2004,12,25,3,30,19.400000000000002,0,0,0,0,0,0,68.04
2004,12,25,4,30,19.200000000000003,0,0,0,0,0,0,66.79
2004,12,25,5,30,19,0,0,0,0,0,0,65.51
2004,12,25,6,30,18.900000000000002,0,0,0,0,0,0,63.97
2004,12,25,7,30,18.7,0,0,0,0,0,0,63.230000000000004
2004,12,25,8,30,18.5,0,0,0,0,0,0,62.550000000000004
2004,12,25,9,30,18.3,0,0,0,0,0,0,62.43
2004,12,25,10,30,18,0,0,0,0,0,0,63.190000000000005
2004,12,25,11,30,17.7,0,0,0,0,0,0,64.18
2004,12,25,12,30,17.5,0,0,0,0,0,0,64.8
2004,12,25,13,30,17.8,0,0,0,0,0,0,63.58
2004,12,25,14,30,18.6,584,135,39,584,39,135,61.49
2004,12,25,15,30,19.900000000000002,817,350,59,817,59,350,54.980000000000004
2004,12,25,16,30,21.200000000000003,924,544,67,924,67,544,49.550000000000004
2004,12,25,17,30,22,974,685,71,974,71,685,45.64
2004,12,25,18,30,22.5,995,761,74,995,74,761,43.32
2004,12,25,19,30,22.900000000000002,998,766,73,998,73,766,43.12
2004,12,25,20,30,23.1,981,698,70,981,70,698,44.44
2004,12,25,21,30,23.1,936,565,66,936,66,565,46.46
2004,12,25,22,30,22.700000000000003,849,379,57,849,57,379,49.57
2004,12,25,23,30,21.900000000000002,651,164,41,651,41,164,55.1
2004,12,26,0,30,21,0,0,0,0,0,0,61.99
2004,12,26,1,30,20.6,0,0,0,0,0,0,64.28
2004,12,26,2,30,20.400000000000002,0,0,0,0,0,0,65.18
2004,12,26,3,30,20.400000000000002,0,0,0,0,0,0,64.65
2004,12,26,4,30,20.3,0,0,0,0,0,0,63.67
2004,12,26,5,30,20.200000000000003,0,0,0,0,0,0,62.86
2004,12,26,6,30,20,0,0,0,0,0,0,62.870000000000005
2004,12,26,7,30,19.700000000000003,0,0,0,0,0,0,63.78
2004,12,26,8,30,19.3,0,0,0,0,0,0,65.65
2004,12,26,9,30,19.1,0,0,0,0,0,0,66.74
2004,12,26,10,30,18.900000000000002,0,0,0,0,0,0,66.84
2004,12,26,11,30,18.7,0,0,0,0,0,0,65.98
2004,12,26,12,30,18.5,0,0,0,0,0,0,64.91
2004,12,26,13,30,18.7,0,0,0,0,0,0,62.67
2004,12,26,14,30,19.6,584,133,38,584,38,133,59.27
2004,12,26,15,30,21,816,347,56,816,56,347,52.72
2004,12,26,16,30,22.6,915,537,66,915,66,537,47.88
2004,12,26,17,30,23.900000000000002,964,677,71,964,71,677,44.02
2004,12,26,18,30,24.6,983,753,74,983,74,753,43.71
2004,12,26,19,30,24.900000000000002,984,758,75,984,75,758,45.5
2004,12,26,20,30,25,966,692,72,966,72,692,47.44
2004,12,26,21,30,24.900000000000002,921,560,68,921,68,560,49.65
2004,12,26,22,30,24.5,833,376,59,833,59,376,52.64
2004,12,26,23,30,23.6,638,163,41,638,41,163,58.77
2004,12,27,0,30,22.700000000000003,0,0,0,0,0,0,65.44
2004,12,27,1,30,22.3,0,0,0,0,0,0,67.79
2004,12,27,2,30,22.1,0,0,0,0,0,0,69.11
2004,12,27,3,30,22,0,0,0,0,0,0,69.31
2004,12,27,4,30,22,0,0,0,0,0,0,68.69
2004,12,27,5,30,22,0,0,0,0,0,0,68.27
2004,12,27,6,30,22,0,0,0,0,0,0,68.1
2004,12,27,7,30,21.900000000000002,0,0,0,0,0,0,68.71000000000001
2004,12,27,8,30,21.8,0,0,0,0,0,0,69.85000000000001
2004,12,27,9,30,21.700000000000003,0,0,0,0,0,0,70.67
2004,12,27,10,30,21.6,0,0,0,0,0,0,70.85000000000001
2004,12,27,11,30,21.400000000000002,0,0,0,0,0,0,70.89
2004,12,27,12,30,21.200000000000003,0,0,0,0,0,0,70.87
2004,12,27,13,30,21.400000000000002,0,0,0,0,0,0,69.28
2004,12,27,14,30,22.3,476,121,44,476,44,121,66.42
2004,12,27,15,30,23.5,735,328,67,735,67,328,60.38
2004,12,27,16,30,24.400000000000002,851,516,78,851,78,516,58.29
2004,12,27,17,30,25,905,654,84,905,84,654,57.27
2004,12,27,18,30,25.200000000000003,927,727,87,927,87,727,56.56
2004,12,27,19,30,25.200000000000003,924,732,89,924,89,732,56.76
2004,12,27,20,30,25,905,668,87,905,87,668,58.86
2004,12,27,21,30,24.900000000000002,864,541,78,864,78,541,61.13
2004,12,27,22,30,24.700000000000003,770,361,67,770,67,361,63.71
2004,12,27,23,30,24.200000000000003,567,156,46,567,46,156,68.01
2004,12,28,0,30,23.700000000000003,0,0,0,0,0,0,71.82000000000001
2004,12,28,1,30,23.3,0,0,0,0,0,0,73.78
2004,12,28,2,30,23.1,0,0,0,0,0,0,75.05
2004,12,28,3,30,23,0,0,0,0,0,0,74.98
2004,12,28,4,30,22.900000000000002,0,0,0,0,0,0,74.73
2004,12,28,5,30,22.8,0,0,0,0,0,0,74.64
2004,12,28,6,30,22.6,0,0,0,0,0,0,75.13
2004,12,28,7,30,22.5,0,0,0,0,0,0,75.23
2004,12,28,8,30,22.3,0,0,0,0,0,0,75.86
2004,12,28,9,30,22.1,0,0,0,0,0,0,76.5
2004,12,28,10,30,21.900000000000002,0,0,0,0,0,0,76.69
2004,12,28,11,30,21.700000000000003,0,0,0,0,0,0,76.16
2004,12,28,12,30,21.700000000000003,0,0,0,0,0,0,73.91
2004,12,28,13,30,22,0,0,0,0,0,0,69.86
2004,12,28,14,30,22.900000000000002,544,125,38,1,63,63,65.93
2004,12,28,15,30,23.700000000000003,775,333,59,775,59,333,61.45
2004,12,28,16,30,24.5,879,520,68,879,68,520,57.96
2004,12,28,17,30,25.3,931,659,73,756,109,585,55.08
2004,12,28,18,30,25.900000000000002,933,732,87,723,148,648,52.53
2004,12,28,19,30,26.200000000000003,940,740,86,515,291,650,51.44
2004,12,28,20,30,26.3,925,677,81,428,247,522,52.21
2004,12,28,21,30,26.200000000000003,876,547,77,155,257,341,54.46
2004,12,28,22,30,25.6,785,367,66,31,196,207,59.31
2004,12,28,23,30,24.700000000000003,579,160,47,9,71,72,67.38
2004,12,29,0,30,23.900000000000002,0,0,0,0,0,0,73.95
2004,12,29,1,30,23.5,0,0,0,0,0,0,77.31
2004,12,29,2,30,23.400000000000002,0,0,0,0,0,0,78.62
2004,12,29,3,30,23.3,0,0,0,0,0,0,78.58
2004,12,29,4,30,23.400000000000002,0,0,0,0,0,0,76.62
2004,12,29,5,30,23.400000000000002,0,0,0,0,0,0,74.73
2004,12,29,6,30,23.200000000000003,0,0,0,0,0,0,73.74
2004,12,29,7,30,23.1,0,0,0,0,0,0,72.56
2004,12,29,8,30,23,0,0,0,0,0,0,71.52
2004,12,29,9,30,23,0,0,0,0,0,0,70.41
2004,12,29,10,30,22.900000000000002,0,0,0,0,0,0,70.73
2004,12,29,11,30,22.8,0,0,0,0,0,0,71.4
2004,12,29,12,30,22.6,0,0,0,0,0,0,72.19
2004,12,29,13,30,22.700000000000003,0,0,0,0,0,0,70.84
2004,12,29,14,30,23.400000000000002,503,121,41,6,61,62,67.99
2004,12,29,15,30,24.400000000000002,744,326,64,0,41,41,61.940000000000005
2004,12,29,16,30,25.200000000000003,848,510,75,143,248,322,58.86
2004,12,29,17,30,25.8,901,648,81,489,213,520,57.14
2004,12,29,18,30,26.3,921,723,86,465,299,620,55.75
2004,12,29,19,30,26.5,923,730,87,415,253,542,55.800000000000004
2004,12,29,20,30,26.5,904,667,84,592,166,548,56.44
2004,12,29,21,30,26.3,843,537,83,260,240,380,57.89
2004,12,29,22,30,25.8,744,359,71,80,210,241,61.22
2004,12,29,23,30,24.900000000000002,532,155,50,110,94,116,67.92
2004,12,30,0,30,24.1,0,0,0,0,0,0,75.94
2004,12,30,1,30,23.6,0,0,0,0,0,0,80.31
2004,12,30,2,30,23.400000000000002,0,0,0,0,0,0,82.36
2004,12,30,3,30,23.200000000000003,0,0,0,0,0,0,82.77
2004,12,30,4,30,23.200000000000003,0,0,0,0,0,0,81.36
2004,12,30,5,30,23.200000000000003,0,0,0,0,0,0,80.06
2004,12,30,6,30,23.200000000000003,0,0,0,0,0,0,78.85000000000001
2004,12,30,7,30,23.200000000000003,0,0,0,0,0,0,77.73
2004,12,30,8,30,23.1,0,0,0,0,0,0,77.19
2004,12,30,9,30,23,0,0,0,0,0,0,76.67
2004,12,30,10,30,22.900000000000002,0,0,0,0,0,0,76.08
2004,12,30,11,30,22.8,0,0,0,0,0,0,75.04
2004,12,30,12,30,22.8,0,0,0,0,0,0,72.63
2004,12,30,13,30,23.1,0,0,0,0,0,0,69.44
2004,12,30,14,30,23.700000000000003,472,116,41,0,40,40,67.2
2004,12,30,15,30,24.400000000000002,714,317,65,371,134,264,64.04
2004,12,30,16,30,25,824,499,76,578,145,442,61.480000000000004
2004,12,30,17,30,25.700000000000003,883,637,81,883,81,637,58.71
2004,12,30,18,30,26.200000000000003,908,713,85,908,85,713,57.93
2004,12,30,19,30,26.400000000000002,911,721,85,533,274,646,58.13
2004,12,30,20,30,26.400000000000002,891,659,82,423,282,556,58.81
2004,12,30,21,30,26.200000000000003,857,536,72,857,72,536,60.11
2004,12,30,22,30,25.8,774,362,61,774,61,362,62.31
2004,12,30,23,30,25.1,582,159,43,582,43,159,66.16
2004,12,31,0,30,24.400000000000002,0,0,0,0,0,0,71.43
2004,12,31,1,30,24,0,0,0,0,0,0,74.73
2004,12,31,2,30,23.8,0,0,0,0,0,0,76.48
2004,12,31,3,30,23.6,0,0,0,0,0,0,77.81
2004,12,31,4,30,23.5,0,0,0,0,0,0,77.99
2004,12,31,5,30,23.3,0,0,0,0,0,0,78.46000000000001
2004,12,31,6,30,23.1,0,0,0,0,0,0,78.9
2004,12,31,7,30,22.900000000000002,0,0,0,0,0,0,79.38
2004,12,31,8,30,22.8,0,0,0,0,0,0,79.34
2004,12,31,9,30,22.8,0,0,0,0,0,0,79.03
2004,12,31,10,30,22.8,0,0,0,0,0,0,78.85000000000001
2004,12,31,11,30,22.900000000000002,0,0,0,0,0,0,78.21000000000001
2004,12,31,12,30,22.900000000000002,0,0,0,0,0,0,77.73
2004,12,31,13,30,23.1,0,0,0,0,0,0,75.92
2004,12,31,14,30,23.6,472,115,41,472,41,115,73.4
2004,12,31,15,30,24.3,721,318,64,19,167,173,70.51
2004,12,31,16,30,24.900000000000002,828,501,76,642,136,465,68.27
2004,12,31,17,30,25.400000000000002,885,639,83,475,211,510,66.46000000000001
2004,12,31,18,30,25.8,919,719,82,686,158,634,65.01
2004,12,31,19,30,25.900000000000002,924,727,81,660,162,624,64.68
2004,12,31,20,30,25.900000000000002,909,667,78,622,163,567,64.78
2004,12,31,21,30,25.700000000000003,821,535,89,573,159,469,65.84
2004,12,31,22,30,25.400000000000002,725,360,76,314,166,289,68.15
2004,12,31,23,30,24.8,518,158,53,34,94,101,72.83
